2 0.0380208333333333 0.5458333333333334 0.0177083333333333 0.09
8 0.1098958333333333 0.3941666666666666 0.0239583333333333 0.0716666666666666
1 0.4015625 0.6000000000000001 0.1947916666666666 0.23
8 0.509375 0.3658333333333333 0.0229166666666666 0.0783333333333333
2 0.5630208333333333 0.5158333333333334 0.0260416666666666 0.0916666666666666
2 0.5895833333333333 0.5116666666666667 0.0229166666666666 0.08
2 0.5890625 0.4958333333333333 0.0197916666666666 0.055
2 0.6140625 0.5141666666666667 0.0239583333333333 0.0916666666666666
2 0.6140625 0.5116666666666667 0.021875 0.1
2 0.6234375 0.5375000000000001 0.0197916666666666 0.0583333333333333
2 0.6322916666666667 0.5158333333333334 0.03125 0.105
2 0.6348958333333333 0.5208333333333334 0.028125 0.105
2 0.7276041666666666 0.5641666666666667 0.0760416666666666 0.3716666666666667
2 0.7994791666666666 0.5508333333333334 0.0364583333333333 0.265
2 0.8223958333333333 0.5366666666666667 0.0385416666666666 0.28
2 0.8567708333333334 0.5275000000000001 0.0614583333333333 0.2783333333333334
2 0.8619791666666666 0.5383333333333333 0.0489583333333333 0.29