1 0.0197916666666666 0.4966666666666667 0.0354166666666666 0.0566666666666666
7 0.096875 0.3716666666666667 0.01875 0.0433333333333333
6 0.1 0.3633333333333333 0.01875 0.0366666666666666
6 0.1583333333333333 0.3666666666666667 0.01875 0.0333333333333333
6 0.1572916666666666 0.3741666666666667 0.0145833333333333 0.0416666666666666
1 0.1807291666666666 0.485 0.0302083333333333 0.05
6 0.2322916666666666 0.425 0.0145833333333333 0.03
6 0.2354166666666666 0.4275 0.0145833333333333 0.0316666666666666
1 0.2838541666666667 0.485 0.0552083333333333 0.0666666666666666
1 0.4953125 0.5183333333333333 0.0572916666666666 0.0966666666666666
1 0.690625 0.5225000000000001 0.1833333333333333 0.195