2 0.1286458333333333 0.5258333333333334 0.0239583333333333 0.0983333333333333
2 0.1286458333333333 0.5258333333333334 0.021875 0.0883333333333333
2 0.1484375 0.525 0.0177083333333333 0.0933333333333333
2 0.1614583333333333 0.5358333333333334 0.0145833333333333 0.065
10 0.2270833333333333 0.505 0.1354166666666666 0.16
10 0.3505208333333333 0.4875 0.084375 0.1583333333333333
0 0.4895833333333333 0.5216666666666667 0.0291666666666666 0.0866666666666666
2 0.69375 0.485 0.0208333333333333 0.0733333333333333
2 0.7041666666666666 0.4741666666666667 0.0270833333333333 0.0583333333333333
2 0.7057291666666666 0.4758333333333334 0.0197916666666666 0.0616666666666666
2 0.7192708333333333 0.4725 0.0197916666666666 0.0583333333333333
2 0.7364583333333333 0.4733333333333334 0.025 0.0733333333333333
2 0.8223958333333333 0.4825 0.0364583333333333 0.095
1 0.9578125 0.5083333333333334 0.0802083333333333 0.05