10 0.2822265625 0.494140625 0.13671875 0.224609375
1 0.423828125 0.51953125 0.083984375 0.125
3 0.3935546875 0.3701171875 0.015625 0.0400390625
6 0.4609375 0.3818359375 0.017578125 0.046875
6 0.4599609375 0.369140625 0.0107421875 0.03125
10 0.5556640625 0.46484375 0.1240234375 0.203125
1 0.7509765625 0.4638671875 0.10546875 0.078125
2 0.70703125 0.486328125 0.0146484375 0.0498046875
2 0.7236328125 0.4921875 0.013671875 0.05859375
2 0.7373046875 0.486328125 0.013671875 0.0537109375
2 0.7373046875 0.484375 0.0146484375 0.044921875