2 0.0369791666666666 0.5316666666666667 0.0260416666666666 0.0766666666666666
2 0.0973958333333333 0.5583333333333333 0.0322916666666666 0.0966666666666666
2 0.0994791666666666 0.5583333333333333 0.028125 0.0866666666666666
4 0.1109375 0.3808333333333333 0.021875 0.055
3 0.1114583333333333 0.3833333333333333 0.0166666666666666 0.0533333333333333
1 0.2364583333333333 0.5608333333333334 0.0895833333333333 0.0983333333333333
3 0.5536458333333333 0.3483333333333333 0.0260416666666666 0.0766666666666666
0 0.6401041666666667 0.5908333333333333 0.0802083333333333 0.345
2 0.7302083333333333 0.5341666666666667 0.025 0.115
2 0.7552083333333334 0.5458333333333334 0.0333333333333333 0.1483333333333333
2 0.8427083333333333 0.5333333333333333 0.0520833333333333 0.2366666666666667
2 0.8447916666666666 0.5291666666666667 0.0520833333333333 0.205
2 0.9052083333333332 0.5191666666666667 0.0520833333333333 0.2216666666666666
2 0.9041666666666668 0.5233333333333333 0.0479166666666666 0.24
2 0.9041666666666668 0.5383333333333333 0.0375 0.1666666666666666