10 0.1973958333333333 0.2675 0.3760416666666666 0.535
10 0.31875 0.49 0.1354166666666666 0.1366666666666667
2 0.2661458333333333 0.505 0.021875 0.05
2 0.2776041666666666 0.5041666666666667 0.0197916666666666 0.0716666666666666
2 0.3057291666666666 0.4975 0.0322916666666666 0.1016666666666666
2 0.3015625 0.4966666666666667 0.021875 0.12
2 0.3458333333333333 0.4958333333333333 0.025 0.0883333333333333
2 0.3505208333333333 0.5 0.028125 0.0833333333333333
1 0.4781249999999999 0.5025000000000001 0.0375 0.0483333333333333
3 0.5307291666666667 0.4366666666666667 0.0197916666666666 0.0466666666666666
10 0.8 0.4608333333333334 0.3145833333333333 0.4283333333333333