1 0.2026041666666666 0.53 0.0947916666666666 0.0633333333333333
7 0.3208333333333333 0.3541666666666667 0.0166666666666666 0.0516666666666666
7 0.3203125 0.36 0.015625 0.05
1 0.3604166666666666 0.5408333333333334 0.0708333333333333 0.0916666666666666
6 0.4 0.3625 0.0166666666666666 0.0383333333333333
6 0.4015625 0.3616666666666667 0.015625 0.0433333333333333
1 0.4786458333333333 0.5191666666666667 0.059375 0.105
6 0.4677083333333333 0.3833333333333333 0.0145833333333333 0.0433333333333333
6 0.4682291666666666 0.385 0.0135416666666666 0.0466666666666666
6 0.5520833333333334 0.4483333333333333 0.0208333333333333 0.0566666666666666
3 0.5505208333333333 0.4325 0.0135416666666666 0.035
1 0.7572916666666667 0.5525 0.16875 0.1516666666666666
6 0.8041666666666667 0.3766666666666667 0.025 0.08
6 0.8046875 0.3758333333333333 0.0239583333333333 0.065