6 0.0466145833333333 0.285 0.0723958333333333 0.2466666666666666
1 0.0377604166666666 0.5454166666666667 0.0744791666666666 0.2175
1 0.5307291666666667 0.48 0.0364583333333333 0.0466666666666666
7 0.5734375 0.0366666666666666 0.021875 0.0716666666666666
6 0.5744791666666667 0.3583333333333333 0.015625 0.0466666666666666
6 0.6588541666666666 0.3516666666666667 0.015625 0.04
6 0.7307291666666667 0.4 0.0135416666666666 0.0266666666666666
6 0.7848958333333333 0.0925 0.021875 0.0616666666666666
2 0.796875 0.465 0.025 0.09
2 0.9526041666666668 0.4766666666666667 0.0302083333333333 0.1566666666666666
2 0.9828125 0.4925 0.0197916666666666 0.1316666666666666