6 0.0822916666666666 0.0783333333333333 0.1645833333333333 0.1566666666666666
1 0.09375 0.4991666666666667 0.0416666666666666 0.0316666666666666
1 0.4130208333333333 0.4941666666666667 0.028125 0.035
1 0.5317708333333333 0.4883333333333333 0.0177083333333333 0.05
3 0.5682291666666667 0.3608333333333333 0.0239583333333333 0.0616666666666666
3 0.6526041666666667 0.3566666666666667 0.015625 0.0433333333333333
4 0.7260416666666667 0.4175 0.0166666666666666 0.0516666666666666
6 0.8010416666666667 0.0766666666666666 0.05 0.1166666666666666
3 0.8 0.075 0.0270833333333333 0.0933333333333333
1 0.8239583333333333 0.4883333333333333 0.0416666666666666 0.0633333333333333
2 0.98125 0.4983333333333333 0.0229166666666666 0.1