10 0.1787109375 0.482421875 0.1533203125 0.2451171875
3 0.126953125 0.1630859375 0.0185546875 0.06640625
7 0.1337890625 0.1767578125 0.025390625 0.0830078125
4 0.30078125 0.1767578125 0.033203125 0.0830078125
4 0.3046875 0.197265625 0.021484375 0.0546875
1 0.326171875 0.5068359375 0.0283203125 0.0302734375
4 0.423828125 0.2119140625 0.033203125 0.0771484375
4 0.431640625 0.1796875 0.025390625 0.0771484375
4 0.693359375 0.3359375 0.0302734375 0.078125
4 0.6943359375 0.3564453125 0.02734375 0.0634765625
1 0.876953125 0.5048828125 0.0654296875 0.0498046875