2 0.9463541666666666 0.5495833333333334 0.0270833333333333 0.1141666666666666
10 0.084375 0.4925 0.1125 0.095
1 0.0645833333333333 0.5158333333333334 0.0708333333333333 0.0616666666666666
3 0.3182291666666667 0.3291666666666666 0.0177083333333333 0.0516666666666666
6 0.4145833333333333 0.3266666666666666 0.01875 0.0466666666666666
6 0.4921875 0.3266666666666666 0.0177083333333333 0.0533333333333333
1 0.5338541666666666 0.5233333333333333 0.0322916666666666 0.05
2 0.6229166666666667 0.5183333333333333 0.0145833333333333 0.04
6 0.6796875 0.4175 0.015625 0.045
10 0.8328125 0.48 0.1489583333333333 0.1266666666666666
1 0.8885416666666667 0.5241666666666667 0.1458333333333333 0.0816666666666666
6 0.9296875 0.2575 0.0489583333333333 0.1516666666666666