7 0.1020833333333333 0.3233333333333333 0.01875 0.0466666666666666
1 0.1864583333333333 0.5258333333333334 0.0354166666666666 0.0383333333333333
10 0.2604166666666667 0.4941666666666667 0.075 0.1516666666666666
4 0.2697916666666666 0.3408333333333334 0.0166666666666666 0.0483333333333333
4 0.4052083333333333 0.4275 0.0208333333333333 0.0516666666666666
2 0.571875 0.5408333333333334 0.0229166666666666 0.105
2 0.6005208333333333 0.5291666666666667 0.0197916666666666 0.115
2 0.6171875 0.5433333333333333 0.0177083333333333 0.1166666666666666
4 0.7005208333333334 0.2916666666666667 0.0302083333333333 0.1166666666666666
2 0.6973958333333333 0.5258333333333334 0.0177083333333333 0.1316666666666666
1 0.934375 0.515 0.1291666666666666 0.06