2 0.3020833333333333 0.5516666666666667 0.0104166666666666 0.0416666666666666
2 0.3140625 0.54625 0.0104166666666666 0.0475
2 0.3260416666666667 0.5470833333333334 0.0125 0.0441666666666666
2 0.3463541666666667 0.545 0.0145833333333333 0.0516666666666666
2 0.9052083333333332 0.54125 0.096875 0.4308333333333333
1 0.2380208333333333 0.5516666666666667 0.0635416666666666 0.0566666666666666
2 0.2395833333333333 0.5516666666666667 0.0625 0.0566666666666666
2 0.3697916666666667 0.5358333333333334 0.01875 0.0716666666666666
2 0.3833333333333333 0.5375000000000001 0.0125 0.0716666666666666
2 0.396875 0.5325000000000001 0.0166666666666666 0.0683333333333333
10 0.5989583333333334 0.435 0.26875 0.3633333333333333