10 0.201171875 0.4248046875 0.205078125 0.212890625
1 0.2998046875 0.4892578125 0.0185546875 0.0546875
6 0.34375 0.396484375 0.0185546875 0.033203125
6 0.3427734375 0.39453125 0.0146484375 0.0263671875
6 0.37109375 0.3935546875 0.0146484375 0.0263671875
6 0.3759765625 0.3974609375 0.0126953125 0.0283203125
6 0.419921875 0.3916015625 0.0146484375 0.0302734375
6 0.4228515625 0.3955078125 0.0146484375 0.0283203125
6 0.4560546875 0.3984375 0.013671875 0.0302734375
6 0.45703125 0.3984375 0.0146484375 0.037109375
1 0.478515625 0.4951171875 0.056640625 0.0634765625
6 0.52734375 0.4296875 0.0126953125 0.0263671875