1 0.021875 0.5475 0.0291666666666666 0.0483333333333333
6 0.0604166666666666 0.4575 0.0208333333333333 0.0416666666666666
7 0.0625 0.4691666666666667 0.0166666666666666 0.0483333333333333
1 0.2208333333333333 0.5183333333333333 0.0458333333333333 0.0533333333333333
7 0.2177083333333333 0.3741666666666667 0.01875 0.055
4 0.2880208333333333 0.3775 0.015625 0.045
1 0.309375 0.5125000000000001 0.0291666666666666 0.0616666666666666
4 0.3802083333333333 0.4583333333333333 0.0145833333333333 0.03
4 0.3822916666666666 0.4475 0.0166666666666666 0.0483333333333333
1 0.5625 0.4975 0.0458333333333333 0.0683333333333333
3 0.596875 0.3983333333333334 0.0333333333333333 0.06
3 0.6005208333333333 0.3875 0.0260416666666666 0.085