1 0.97109375 0.6245833333333334 0.0567708333333333 0.1541666666666666
1 0.2161458333333333 0.5458333333333334 0.040625 0.0483333333333333
7 0.2770833333333333 0.3291666666666666 0.0166666666666666 0.055
6 0.28125 0.3266666666666666 0.0145833333333333 0.0433333333333333
4 0.3791666666666666 0.33 0.01875 0.06
4 0.3791666666666666 0.35 0.0166666666666666 0.0366666666666666
4 0.465625 0.3491666666666667 0.01875 0.075
4 0.4677083333333333 0.3533333333333333 0.01875 0.04
1 0.5229166666666667 0.5575 0.09375 0.1016666666666666
4 0.6395833333333333 0.4508333333333333 0.0208333333333333 0.035
1 0.7088541666666667 0.5533333333333333 0.1072916666666666 0.1033333333333333