2 0.4781249999999999 0.50625 0.0208333333333333 0.0608333333333333
1 0.26875 0.5133333333333334 0.0729166666666666 0.0433333333333333
7 0.3927083333333333 0.3666666666666667 0.0104166666666666 0.0333333333333333
6 0.4536458333333333 0.3825 0.0135416666666666 0.035
6 0.4536458333333333 0.3775 0.009375 0.0283333333333333
1 0.5223958333333333 0.5133333333333334 0.053125 0.0666666666666666
10 0.6078125 0.4725 0.153125 0.075
6 0.5375 0.4275 0.0104166666666666 0.015
6 0.5385416666666667 0.4316666666666667 0.0104166666666666 0.02
6 0.6010416666666667 0.3916666666666667 0.0125 0.03
6 0.603125 0.3958333333333333 0.0125 0.0383333333333333
2 0.6651041666666666 0.4858333333333333 0.015625 0.0616666666666666
2 0.6666666666666666 0.4925 0.0166666666666666 0.0716666666666666