2 0.7216145833333333 0.525 0.0192708333333333 0.0766666666666666
2 0.6989583333333333 0.52625 0.015625 0.0808333333333333
2 0.6833333333333333 0.5304166666666666 0.0145833333333333 0.0691666666666666
0 0.6604166666666667 0.5279166666666667 0.025 0.0875
2 0.6424479166666667 0.52875 0.0223958333333333 0.0775
1 0.3296875 0.6525000000000001 0.3302083333333333 0.425
7 0.2802083333333333 0.2783333333333334 0.0229166666666666 0.0666666666666666
6 0.390625 0.2866666666666667 0.0229166666666666 0.0733333333333333
0 0.509375 0.53 0.0333333333333333 0.0733333333333333
2 0.5244791666666666 0.5175000000000001 0.0135416666666666 0.0683333333333333
2 0.5364583333333334 0.5166666666666667 0.0145833333333333 0.0666666666666666
6 0.5635416666666666 0.4116666666666667 0.025 0.0666666666666666
2 0.5864583333333333 0.5308333333333334 0.05625 0.0883333333333333
2 0.590625 0.5266666666666667 0.025 0.0733333333333333