3 0.0712890625 0.0849609375 0.109375 0.15625
1 0.3251953125 0.50390625 0.1064453125 0.1083984375
3 0.5703125 0.0283203125 0.0263671875 0.056640625
3 0.56640625 0.3603515625 0.013671875 0.0517578125
3 0.65234375 0.35546875 0.015625 0.0400390625
4 0.7255859375 0.4111328125 0.015625 0.044921875
3 0.80078125 0.0732421875 0.025390625 0.08984375
2 0.80078125 0.482421875 0.015625 0.0517578125
0 0.8310546875 0.4912109375 0.021484375 0.08203125
2 0.8955078125 0.48828125 0.01953125 0.08984375
2 0.89453125 0.4931640625 0.0107421875 0.0732421875
2 0.9228515625 0.4931640625 0.0244140625 0.0703125
2 0.9208984375 0.4853515625 0.01953125 0.0595703125