10 0.0645833333333333 0.5041666666666667 0.1291666666666666 0.1216666666666666
10 0.0484375 0.5075000000000001 0.096875 0.1116666666666666
1 0.0973958333333333 0.5783333333333334 0.128125 0.1733333333333333
3 0.3161458333333333 0.3291666666666666 0.0197916666666666 0.0616666666666666
6 0.4135416666666666 0.3266666666666666 0.0229166666666666 0.0533333333333333
6 0.4156249999999999 0.3358333333333334 0.0166666666666666 0.055
6 0.4916666666666666 0.3291666666666666 0.0229166666666666 0.065
6 0.4927083333333333 0.3283333333333333 0.0166666666666666 0.0466666666666666
10 0.5255208333333333 0.5025000000000001 0.0364583333333333 0.0616666666666666
1 0.5755208333333334 0.5283333333333333 0.078125 0.0766666666666666
6 0.6791666666666667 0.4208333333333333 0.01875 0.055
6 0.93125 0.2566666666666667 0.0583333333333333 0.1633333333333333
1 0.9421875 0.52 0.0802083333333333 0.06
2 0.9609375 0.5233333333333333 0.0260416666666666 0.0666666666666666