2 0.1880208333333333 0.4966666666666667 0.028125 0.0766666666666666
2 0.1947916666666666 0.4825 0.01875 0.0683333333333333
6 0.2854166666666666 0.3775 0.025 0.075
6 0.2833333333333333 0.3758333333333333 0.0208333333333333 0.0516666666666666
2 0.45 0.4825 0.0354166666666666 0.085
2 0.5078125 0.4833333333333333 0.0177083333333333 0.0533333333333333
2 0.5098958333333333 0.4875 0.021875 0.0583333333333333
1 0.5338541666666666 0.4866666666666667 0.0177083333333333 0.0566666666666666
6 0.5697916666666667 0.3658333333333333 0.0166666666666666 0.0683333333333333
2 0.6625 0.4666666666666667 0.0229166666666666 0.0733333333333333
2 0.8520833333333333 0.4691666666666667 0.05 0.1283333333333333
2 0.8552083333333333 0.4591666666666667 0.0354166666666666 0.0983333333333333