2 0.1458333333333333 0.555 0.0395833333333333 0.1333333333333333
2 0.1677083333333333 0.5483333333333333 0.0166666666666666 0.1333333333333333
2 0.175 0.52 0.025 0.0833333333333333
2 0.2213541666666666 0.5316666666666667 0.0302083333333333 0.12
2 0.2546875 0.5241666666666667 0.0177083333333333 0.065
0 0.26875 0.5225000000000001 0.0270833333333333 0.0716666666666666
0 0.2651041666666666 0.5208333333333334 0.015625 0.0616666666666666
2 0.2703125 0.5216666666666667 0.0197916666666666 0.06
0 0.2859375 0.52 0.0197916666666666 0.0566666666666666
1 0.3994791666666666 0.5208333333333334 0.1114583333333333 0.0683333333333333
2 0.4770833333333333 0.5483333333333333 0.0291666666666666 0.1166666666666666
2 0.5130208333333334 0.5291666666666667 0.034375 0.1416666666666666
2 0.7171875 0.6166666666666667 0.1614583333333333 0.4833333333333333
2 0.7182291666666667 0.5666666666666667 0.0552083333333333 0.3433333333333334
2 0.7239583333333334 0.5691666666666667 0.04375 0.3516666666666667
2 0.79375 0.5875 0.1166666666666666 0.4983333333333333
2 0.8916666666666666 0.5925 0.0854166666666666 0.4383333333333333