1 0.109375 0.5083333333333334 0.0604166666666666 0.07
7 0.1 0.3266666666666666 0.01875 0.05
7 0.1026041666666666 0.3208333333333333 0.015625 0.0383333333333333
4 0.1932291666666666 0.33 0.015625 0.0433333333333333
4 0.1927083333333333 0.3416666666666667 0.0145833333333333 0.0366666666666666
1 0.2598958333333333 0.505 0.0364583333333333 0.0633333333333333
4 0.3234375 0.4275 0.0135416666666666 0.0316666666666666
4 0.328125 0.4383333333333333 0.0145833333333333 0.04
4 0.7432291666666666 0.2741666666666666 0.021875 0.0883333333333333
4 0.7458333333333333 0.3066666666666667 0.01875 0.0366666666666666
1 0.7989583333333333 0.4741666666666667 0.08125 0.075