7 0.2802083333333333 0.2783333333333334 0.0229166666666666 0.0666666666666666
6 0.390625 0.2875 0.0229166666666666 0.075
2 0.5036458333333333 0.5291666666666667 0.028125 0.085
2 0.521875 0.52 0.01875 0.0766666666666666
2 0.5354166666666667 0.5183333333333333 0.0125 0.0766666666666666
6 0.5635416666666666 0.4125 0.025 0.0683333333333333
2 0.6302083333333334 0.5308333333333334 0.0270833333333333 0.0816666666666666
0 0.6567708333333333 0.5241666666666667 0.0322916666666666 0.0883333333333333
2 0.6869791666666667 0.53 0.021875 0.0766666666666666
2 0.7036458333333333 0.5225000000000001 0.0197916666666666 0.085
2 0.7244791666666667 0.5216666666666667 0.0197916666666666 0.0866666666666666
2 0.765625 0.5225000000000001 0.0208333333333333 0.0783333333333333