10 0.048828125 0.478515625 0.09765625 0.1064453125
1 0.216796875 0.5146484375 0.052734375 0.033203125
7 0.26171875 0.43359375 0.017578125 0.046875
7 0.4853515625 0.34375 0.0166015625 0.04296875
7 0.4853515625 0.341796875 0.0126953125 0.0400390625
1 0.58984375 0.5322265625 0.103515625 0.162109375
4 0.55078125 0.33984375 0.0146484375 0.0400390625
4 0.6572265625 0.41015625 0.01171875 0.037109375
6 0.6923828125 0.3662109375 0.0224609375 0.0771484375
2 0.720703125 0.501953125 0.017578125 0.0771484375
2 0.7216796875 0.5029296875 0.0166015625 0.078125