10 0.0677083333333333 0.5166666666666667 0.1291666666666666 0.0766666666666666
6 0.3604166666666666 0.2083333333333333 0.03125 0.0833333333333333
1 0.425 0.52 0.0479166666666666 0.0633333333333333
6 0.5979166666666667 0.3641666666666667 0.0270833333333333 0.085
2 0.7427083333333333 0.515 0.0270833333333333 0.1133333333333333
2 0.7427083333333333 0.5216666666666667 0.025 0.12
2 0.7708333333333334 0.5208333333333334 0.0291666666666666 0.1216666666666666
2 0.7947916666666667 0.5425 0.0604166666666666 0.1983333333333333
2 0.8833333333333333 0.5591666666666667 0.0666666666666666 0.2316666666666667
2 0.9494791666666668 0.5491666666666667 0.059375 0.245
3 0.9677083333333332 0.0816666666666666 0.0625 0.1616666666666666