10 0.0533854166666666 0.46375 0.1057291666666666 0.2075
1 0.2760416666666667 0.5216666666666667 0.1479166666666666 0.16
7 0.2494791666666666 0.2633333333333333 0.021875 0.0766666666666666
8 0.3682291666666666 0.2666666666666666 0.021875 0.0633333333333333
8 0.44375 0.2891666666666667 0.0291666666666666 0.0583333333333333
1 0.4822916666666667 0.4808333333333334 0.0333333333333333 0.0416666666666666
10 0.5265625 0.4683333333333334 0.0427083333333333 0.0766666666666666
8 0.6140625 0.3825 0.0197916666666666 0.055
8 0.6135416666666667 0.3833333333333333 0.0166666666666666 0.0533333333333333
8 0.7505208333333333 0.3066666666666667 0.0239583333333333 0.09
8 0.7520833333333333 0.2983333333333333 0.025 0.08