10 0.0552083333333333 0.5191666666666667 0.1083333333333333 0.1116666666666666
1 0.2932291666666666 0.5975 0.3135416666666666 0.425
3 0.3166666666666666 0.335 0.0208333333333333 0.0566666666666666
6 0.4135416666666666 0.3266666666666666 0.025 0.0566666666666666
6 0.4156249999999999 0.3375 0.0166666666666666 0.055
6 0.4916666666666666 0.33 0.025 0.07
6 0.4927083333333333 0.33 0.0166666666666666 0.0466666666666666
10 0.521875 0.5041666666666667 0.0291666666666666 0.0416666666666666
1 0.6291666666666667 0.5433333333333333 0.0458333333333333 0.1166666666666666
6 0.6796875 0.4275 0.0197916666666666 0.055
6 0.9348958333333334 0.2583333333333333 0.053125 0.1533333333333333
2 0.9557291666666666 0.5208333333333334 0.0385416666666666 0.075
2 0.9546875 0.5216666666666667 0.0260416666666666 0.0666666666666666