1 0.2776041666666666 0.4908333333333333 0.134375 0.1516666666666666
7 0.3098958333333333 0.3691666666666667 0.021875 0.055
7 0.3135416666666666 0.3633333333333333 0.0208333333333333 0.0333333333333333
4 0.3713541666666666 0.3666666666666667 0.0177083333333333 0.0433333333333333
4 0.3713541666666666 0.3658333333333333 0.015625 0.035
4 0.4161458333333333 0.3725 0.0177083333333333 0.045
4 0.4197916666666667 0.3666666666666667 0.0145833333333333 0.0366666666666666
0 0.5333333333333333 0.5025000000000001 0.025 0.075
0 0.534375 0.4891666666666667 0.025 0.0883333333333333
4 0.5390625 0.4316666666666667 0.0135416666666666 0.03
4 0.559375 0.4158333333333333 0.0166666666666666 0.0416666666666666
4 0.565625 0.4175 0.01875 0.065
1 0.8395833333333333 0.4741666666666667 0.0479166666666666 0.0416666666666666