2 0.340625 0.5537500000000001 0.0135416666666666 0.0491666666666666
2 0.3546875 0.55 0.0166666666666666 0.0566666666666666
2 0.3713541666666666 0.555 0.0166666666666666 0.0733333333333333
2 0.2255208333333333 0.5625 0.0427083333333333 0.055
2 0.4119791666666667 0.5425 0.0177083333333333 0.085
2 0.4140625 0.5441666666666667 0.0177083333333333 0.0816666666666666
2 0.4255208333333333 0.54 0.015625 0.0833333333333333
2 0.4296875 0.5383333333333333 0.015625 0.09
2 0.4468749999999999 0.535 0.0208333333333333 0.0833333333333333
2 0.4484375 0.5358333333333334 0.0197916666666666 0.085
1 0.7609375 0.5366666666666667 0.159375 0.15