10 0.2104166666666666 0.2583333333333333 0.33125 0.5166666666666667
10 0.3395833333333333 0.5 0.1354166666666666 0.1366666666666667
2 0.2880208333333333 0.505 0.021875 0.05
2 0.2911458333333333 0.5108333333333334 0.0197916666666666 0.0716666666666666
2 0.3286458333333333 0.4991666666666667 0.0322916666666666 0.1016666666666666
2 0.328125 0.4975 0.0229166666666666 0.0916666666666666
2 0.3661458333333333 0.495 0.028125 0.0833333333333333
2 0.3677083333333333 0.4958333333333333 0.025 0.0883333333333333
1 0.4770833333333333 0.5075000000000001 0.0375 0.0483333333333333
3 0.5296875 0.4383333333333333 0.0197916666666666 0.0466666666666666
10 0.7203125 0.4666666666666667 0.221875 0.28