1 0.0473958333333333 0.4583333333333333 0.0947916666666666 0.0966666666666666
10 0.0432291666666666 0.4666666666666667 0.084375 0.11
1 0.3651041666666667 0.47 0.028125 0.04
7 0.44375 0.395 0.01875 0.04
6 0.4463541666666666 0.3933333333333333 0.015625 0.0366666666666666
3 0.5427083333333333 0.3358333333333334 0.0166666666666666 0.0383333333333333
1 0.5526041666666667 0.4808333333333334 0.0239583333333333 0.0316666666666666
6 0.5833333333333334 0.405 0.0145833333333333 0.0366666666666666
8 0.584375 0.4041666666666667 0.0145833333333333 0.045
8 0.6958333333333333 0.3425 0.0229166666666666 0.0716666666666666
6 0.6963541666666666 0.3533333333333333 0.021875 0.0666666666666666