3 0.21484375 0.3564453125 0.01953125 0.0537109375
1 0.3408203125 0.521484375 0.052734375 0.0703125
3 0.33203125 0.4091796875 0.009765625 0.03515625
3 0.3701171875 0.3779296875 0.017578125 0.0400390625
4 0.396484375 0.4287109375 0.0087890625 0.021484375
4 0.4228515625 0.44140625 0.0146484375 0.033203125
1 0.482421875 0.501953125 0.0361328125 0.056640625
4 0.490234375 0.4267578125 0.0185546875 0.037109375
1 0.5908203125 0.51171875 0.021484375 0.0400390625
10 0.642578125 0.498046875 0.076171875 0.103515625
10 0.64453125 0.5048828125 0.0751953125 0.0966796875
4 0.66015625 0.4482421875 0.0146484375 0.0302734375