1 0.1809895833333333 0.5566666666666668 0.0817708333333333 0.09
3 0.0166666666666666 0.36 0.0322916666666666 0.0933333333333333
2 0.1557291666666666 0.5125000000000001 0.0135416666666666 0.0183333333333333
2 0.3286458333333333 0.5275000000000001 0.0302083333333333 0.1283333333333333
2 0.4223958333333333 0.5158333333333334 0.0114583333333333 0.0416666666666666
3 0.5203125 0.3275 0.034375 0.0983333333333333
2 0.5885416666666666 0.52 0.0375 0.0933333333333333
2 0.6276041666666666 0.5091666666666667 0.0135416666666666 0.115
2 0.659375 0.51 0.0354166666666666 0.11
2 0.6583333333333333 0.5183333333333333 0.0229166666666666 0.09
2 0.8598958333333333 0.48 0.034375 0.1466666666666666