1 0.1806640625 0.556640625 0.08203125 0.08984375
3 0.0166015625 0.3603515625 0.0322265625 0.09375
2 0.1552734375 0.5126953125 0.013671875 0.0185546875
2 0.3291015625 0.52734375 0.0302734375 0.1279296875
2 0.4228515625 0.515625 0.01171875 0.0419921875
3 0.5205078125 0.3271484375 0.0341796875 0.0986328125
2 0.5888671875 0.51953125 0.037109375 0.09375
2 0.6279296875 0.5087890625 0.013671875 0.115234375
2 0.6591796875 0.509765625 0.03515625 0.1103515625
2 0.658203125 0.5185546875 0.0224609375 0.08984375
2 0.8603515625 0.48046875 0.0341796875 0.146484375