1 0.090625 0.5025000000000001 0.0625 0.035
1 0.3291666666666666 0.4891666666666667 0.0354166666666666 0.0383333333333333
5 0.3677083333333333 0.3658333333333333 0.0145833333333333 0.0483333333333333
5 0.3682291666666666 0.3675 0.015625 0.0383333333333333
4 0.4239583333333333 0.3666666666666667 0.0125 0.0433333333333333
4 0.4276041666666667 0.3725 0.0177083333333333 0.0416666666666666
1 0.4963541666666666 0.4916666666666667 0.0302083333333333 0.0466666666666666
4 0.5807291666666666 0.4341666666666667 0.0177083333333333 0.035
4 0.58125 0.435 0.0145833333333333 0.0333333333333333
2 0.6302083333333334 0.4991666666666667 0.0270833333333333 0.0716666666666666
4 0.6494791666666666 0.3975 0.0177083333333333 0.0583333333333333
4 0.65 0.4008333333333334 0.0145833333333333 0.055
10 0.81875 0.4466666666666667 0.04375 0.0933333333333333
10 0.8619791666666666 0.4191666666666667 0.084375 0.1016666666666666
10 0.9265625 0.4175 0.140625 0.1316666666666666