1 0.1182291666666666 0.5225000000000001 0.165625 0.1883333333333333
7 0.25 0.345 0.0229166666666666 0.0633333333333333
3 0.2541666666666666 0.335 0.01875 0.05
3 0.3057291666666666 0.3475 0.0197916666666666 0.0583333333333333
4 0.384375 0.3466666666666667 0.01875 0.0566666666666666
3 0.3911458333333333 0.3333333333333333 0.0177083333333333 0.0466666666666666
4 0.4447916666666666 0.3508333333333333 0.0333333333333333 0.075
6 0.4463541666666666 0.3408333333333334 0.0177083333333333 0.0483333333333333
4 0.5692708333333333 0.415 0.0177083333333333 0.06
4 0.5723958333333333 0.4058333333333334 0.0177083333333333 0.045
1 0.8260416666666667 0.4858333333333333 0.1104166666666666 0.095