6 0.0263671875 0.44921875 0.0166015625 0.0419921875
1 0.1162109375 0.5048828125 0.0732421875 0.0595703125
6 0.1591796875 0.3701171875 0.0185546875 0.037109375
7 0.1611328125 0.3779296875 0.0185546875 0.04296875
6 0.216796875 0.3779296875 0.0185546875 0.033203125
6 0.220703125 0.3828125 0.0146484375 0.0419921875
6 0.298828125 0.4404296875 0.0146484375 0.0498046875
6 0.30078125 0.43359375 0.0146484375 0.0302734375
1 0.310546875 0.498046875 0.02734375 0.0634765625
1 0.5048828125 0.5185546875 0.0908203125 0.09375
1 0.892578125 0.5771484375 0.212890625 0.349609375