1 0.1145833333333333 0.5783333333333334 0.2291666666666666 0.3266666666666666
1 0.2526041666666667 0.4975 0.053125 0.0583333333333333
7 0.2411458333333333 0.2566666666666667 0.021875 0.0766666666666666
4 0.3484375 0.2716666666666666 0.028125 0.0433333333333333
4 0.3505208333333333 0.2491666666666666 0.0239583333333333 0.0683333333333333
4 0.434375 0.2916666666666667 0.03125 0.04
4 0.4359375 0.2741666666666666 0.0177083333333333 0.0683333333333333
2 0.5614583333333333 0.4841666666666667 0.0166666666666666 0.0416666666666666
4 0.6151041666666667 0.4 0.0302083333333333 0.0433333333333333
4 0.615625 0.3841666666666667 0.0229166666666666 0.055
1 0.6411458333333333 0.4858333333333333 0.053125 0.0583333333333333
4 0.6677083333333333 0.3075 0.0354166666666666 0.0783333333333333
4 0.6677083333333333 0.33 0.0354166666666666 0.05