10 0.0595703125 0.513671875 0.119140625 0.1171875
1 0.0927734375 0.5810546875 0.126953125 0.1787109375
3 0.31640625 0.33203125 0.01953125 0.05859375
6 0.4140625 0.326171875 0.0244140625 0.0546875
6 0.416015625 0.3359375 0.0166015625 0.0546875
6 0.4921875 0.3291015625 0.0244140625 0.068359375
6 0.4931640625 0.328125 0.0166015625 0.046875
1 0.5146484375 0.53125 0.0419921875 0.0751953125
6 0.6787109375 0.423828125 0.0185546875 0.0546875
6 0.9326171875 0.2578125 0.0556640625 0.158203125
2 0.958984375 0.5234375 0.0263671875 0.06640625