1 0.059375 0.5341666666666667 0.0458333333333333 0.0583333333333333
1 0.1552083333333333 0.5075000000000001 0.0375 0.0383333333333333
10 0.2067708333333333 0.525 0.078125 0.1133333333333333
7 0.2895833333333333 0.4233333333333333 0.0229166666666666 0.06
5 0.290625 0.4191666666666667 0.0208333333333333 0.0716666666666666
1 0.4083333333333333 0.5008333333333334 0.0333333333333333 0.0483333333333333
1 0.553125 0.4975 0.0541666666666666 0.055
4 0.6015625 0.2516666666666667 0.021875 0.07
4 0.6020833333333333 0.2508333333333333 0.0208333333333333 0.0716666666666666
4 0.7854166666666667 0.39 0.01875 0.0533333333333333
2 0.7911458333333333 0.515 0.0197916666666666 0.0733333333333333