3 0.0713541666666666 0.085 0.109375 0.1566666666666666
1 0.1765625 0.4983333333333333 0.0989583333333333 0.06
1 0.4609375 0.4933333333333333 0.0302083333333333 0.0466666666666666
3 0.5703125 0.0283333333333333 0.0260416666666666 0.0566666666666666
3 0.5661458333333333 0.3608333333333333 0.0135416666666666 0.0516666666666666
3 0.6526041666666667 0.355 0.015625 0.04
4 0.7255208333333333 0.4108333333333334 0.015625 0.045
3 0.8010416666666667 0.0733333333333333 0.025 0.09
2 0.8015625 0.4825 0.015625 0.0516666666666666
0 0.8109375 0.4775 0.021875 0.0816666666666666
2 0.8869791666666667 0.485 0.0197916666666666 0.09
2 0.8880208333333334 0.4925 0.0135416666666666 0.0716666666666666
2 0.9255208333333332 0.49 0.0239583333333333 0.07
2 0.9265625 0.4883333333333333 0.0197916666666666 0.0666666666666666