2 0.0125 0.5658333333333334 0.01875 0.0716666666666666
2 0.0135416666666666 0.5658333333333334 0.0166666666666666 0.0716666666666666
2 0.03125 0.54 0.0166666666666666 0.06
2 0.0541666666666666 0.5408333333333334 0.01875 0.0683333333333333
2 0.0552083333333333 0.545 0.0145833333333333 0.0733333333333333
2 0.065625 0.5416666666666667 0.0166666666666666 0.0833333333333333
2 0.0734375 0.5341666666666667 0.015625 0.0783333333333333
6 0.1677083333333333 0.4091666666666667 0.0145833333333333 0.0383333333333333
2 0.3286458333333333 0.4791666666666667 0.0427083333333333 0.1016666666666666
2 0.3854166666666667 0.4858333333333333 0.0375 0.1016666666666666
6 0.5010416666666666 0.3816666666666667 0.0166666666666666 0.0566666666666666
2 0.6229166666666667 0.5291666666666667 0.0229166666666666 0.085
2 0.6260416666666666 0.5291666666666667 0.0229166666666666 0.0916666666666666
2 0.8114583333333333 0.535 0.06875 0.2133333333333333
2 0.8463541666666666 0.4783333333333334 0.034375 0.0566666666666666