1 0.3130208333333333 0.4841666666666667 0.028125 0.0383333333333333
4 0.3848958333333333 0.3741666666666667 0.015625 0.0383333333333333
5 0.3864583333333333 0.3775 0.0145833333333333 0.0483333333333333
4 0.4338541666666666 0.3758333333333333 0.0177083333333333 0.0416666666666666
4 0.4354166666666667 0.3783333333333333 0.0125 0.0433333333333333
1 0.4942708333333333 0.4866666666666667 0.0302083333333333 0.0466666666666666
4 0.5682291666666667 0.4341666666666667 0.0177083333333333 0.035
4 0.56875 0.435 0.0145833333333333 0.0333333333333333
4 0.6130208333333333 0.4125 0.0135416666666666 0.0383333333333333
4 0.6145833333333334 0.4058333333333334 0.0125 0.045
10 0.7401041666666667 0.4416666666666667 0.0447916666666666 0.07
10 0.7432291666666666 0.4441666666666667 0.0427083333333333 0.0816666666666666
10 0.7973958333333333 0.4383333333333333 0.0822916666666666 0.09
10 0.79375 0.4325 0.0666666666666666 0.0983333333333333
10 0.8984375 0.4275 0.1989583333333333 0.1483333333333333