1 0.0697916666666666 0.4883333333333333 0.1020833333333333 0.0866666666666666
4 0.2541666666666666 0.3391666666666666 0.0229166666666666 0.065
5 0.2541666666666666 0.335 0.01875 0.05
3 0.3078125 0.3383333333333334 0.0197916666666666 0.05
6 0.3875 0.3341666666666666 0.01875 0.055
6 0.3911458333333333 0.3333333333333333 0.0177083333333333 0.0466666666666666
6 0.4468749999999999 0.3391666666666666 0.0333333333333333 0.075
6 0.4463541666666666 0.3408333333333334 0.0177083333333333 0.0483333333333333
6 0.5692708333333333 0.415 0.0177083333333333 0.06
6 0.5723958333333333 0.4058333333333334 0.0177083333333333 0.045
1 0.8348958333333333 0.4791666666666667 0.1302083333333333 0.0716666666666666