1 0.3095703125 0.4931640625 0.0595703125 0.060546875
2 0.330078125 0.498046875 0.013671875 0.0595703125
0 0.0478515625 0.5224609375 0.0380859375 0.0712890625
0 0.0478515625 0.525390625 0.0283203125 0.0595703125
7 0.2099609375 0.4208984375 0.013671875 0.0419921875
7 0.2138671875 0.4189453125 0.01953125 0.044921875
2 0.2333984375 0.5087890625 0.021484375 0.06640625
2 0.41015625 0.5244140625 0.0615234375 0.205078125
10 0.435546875 0.45703125 0.0712890625 0.1201171875
2 0.4755859375 0.533203125 0.056640625 0.193359375
2 0.5205078125 0.5224609375 0.0400390625 0.228515625
7 0.5380859375 0.3310546875 0.017578125 0.0546875
6 0.599609375 0.3349609375 0.017578125 0.056640625
6 0.716796875 0.4072265625 0.017578125 0.0546875
2 0.84765625 0.546875 0.05859375 0.2099609375