6 0.0822916666666666 0.0783333333333333 0.1645833333333333 0.1566666666666666
1 0.0833333333333333 0.5175000000000001 0.0541666666666666 0.045
1 0.4421875 0.4925 0.0614583333333333 0.0616666666666666
3 0.5682291666666667 0.3608333333333333 0.0239583333333333 0.0616666666666666
1 0.5927083333333333 0.495 0.0416666666666666 0.0466666666666666
1 0.6578125 0.4933333333333333 0.0552083333333333 0.0666666666666666
3 0.6526041666666667 0.3566666666666667 0.015625 0.0433333333333333
4 0.7260416666666667 0.4158333333333333 0.0166666666666666 0.0483333333333333
8 0.8010416666666667 0.0766666666666666 0.05 0.1166666666666666
3 0.8 0.075 0.0270833333333333 0.0933333333333333
2 0.9020833333333332 0.4825 0.0229166666666666 0.0783333333333333
2 0.9833333333333332 0.4941666666666667 0.025 0.1316666666666666