1 0.1513671875 0.509765625 0.0751953125 0.08984375
7 0.1904296875 0.212890625 0.0205078125 0.0830078125
4 0.32421875 0.208984375 0.0244140625 0.068359375
4 0.326171875 0.2236328125 0.02734375 0.04296875
4 0.431640625 0.2470703125 0.03125 0.0400390625
4 0.43359375 0.228515625 0.025390625 0.06640625
1 0.533203125 0.48046875 0.03125 0.0380859375
2 0.57421875 0.48046875 0.021484375 0.06640625
2 0.5791015625 0.482421875 0.0166015625 0.0419921875
4 0.65234375 0.359375 0.0224609375 0.0546875
4 0.6611328125 0.3681640625 0.0302734375 0.04296875
1 0.677734375 0.48046875 0.052734375 0.0712890625
4 0.74609375 0.2353515625 0.046875 0.125
4 0.7470703125 0.26953125 0.03515625 0.0498046875