2 0.01875 0.5125000000000001 0.0208333333333333 0.065
2 0.05625 0.5325000000000001 0.0166666666666666 0.0816666666666666
2 0.0739583333333333 0.5391666666666667 0.0208333333333333 0.0816666666666666
2 0.090625 0.5308333333333334 0.0208333333333333 0.075
4 0.2614583333333333 0.4266666666666667 0.0229166666666666 0.0566666666666666
1 0.5015625 0.5075000000000001 0.059375 0.0616666666666666
4 0.5072916666666667 0.4091666666666667 0.0208333333333333 0.0616666666666666
2 0.5354166666666667 0.5216666666666667 0.025 0.1066666666666666
2 0.5479166666666666 0.515 0.0145833333333333 0.1033333333333333
2 0.5723958333333333 0.5166666666666667 0.021875 0.1
2 0.5755208333333334 0.4966666666666667 0.021875 0.07