2 0.943359375 0.5498046875 0.025390625 0.1123046875
1 0.0205078125 0.560546875 0.041015625 0.1279296875
10 0.083984375 0.490234375 0.111328125 0.08984375
3 0.3173828125 0.328125 0.017578125 0.0537109375
6 0.4140625 0.326171875 0.01953125 0.0478515625
1 0.466796875 0.52734375 0.0791015625 0.115234375
6 0.4912109375 0.326171875 0.0185546875 0.0546875
6 0.6787109375 0.4169921875 0.0166015625 0.046875
10 0.8212890625 0.48046875 0.1279296875 0.1220703125
1 0.876953125 0.4814453125 0.2333984375 0.1630859375
6 0.9287109375 0.2568359375 0.0498046875 0.1533203125