1 0.1123046875 0.4365234375 0.1552734375 0.13671875
10 0.1328125 0.490234375 0.1865234375 0.212890625
7 0.2470703125 0.349609375 0.0224609375 0.0634765625
3 0.2509765625 0.3486328125 0.0185546875 0.0498046875
3 0.3056640625 0.35546875 0.01953125 0.06640625
4 0.3818359375 0.3583984375 0.0185546875 0.056640625
3 0.388671875 0.34375 0.017578125 0.046875
4 0.4443359375 0.361328125 0.033203125 0.0771484375
6 0.4462890625 0.34375 0.017578125 0.0498046875
4 0.5693359375 0.4150390625 0.017578125 0.0595703125
4 0.5693359375 0.4140625 0.017578125 0.044921875
1 0.763671875 0.490234375 0.03125 0.0732421875