1 0.150390625 0.525390625 0.095703125 0.0830078125
4 0.2841796875 0.1328125 0.0302734375 0.0849609375
4 0.4189453125 0.1875 0.0380859375 0.0517578125
4 0.4169921875 0.1689453125 0.0244140625 0.0947265625
2 0.595703125 0.494140625 0.0185546875 0.0615234375
2 0.5966796875 0.498046875 0.015625 0.0595703125
1 0.62109375 0.5029296875 0.03515625 0.046875
1 0.7275390625 0.4970703125 0.080078125 0.091796875
4 0.705078125 0.3359375 0.033203125 0.0751953125
4 0.7060546875 0.349609375 0.033203125 0.0634765625
1 0.83203125 0.490234375 0.0322265625 0.06640625