1 0.2046875 0.6408333333333334 0.4072916666666666 0.3716666666666667
2 0.34375 0.4925 0.0270833333333333 0.0616666666666666
2 0.4041666666666667 0.5291666666666667 0.0395833333333333 0.135
2 0.4354166666666667 0.5191666666666667 0.025 0.125
2 0.4765625 0.5233333333333333 0.0364583333333333 0.1466666666666666
2 0.5208333333333334 0.5108333333333334 0.0229166666666666 0.095
2 0.5192708333333333 0.5008333333333334 0.015625 0.0783333333333333
2 0.5380208333333333 0.5083333333333334 0.0177083333333333 0.1033333333333333
3 0.5817708333333333 0.3075 0.028125 0.0916666666666666
2 0.9010416666666666 0.4808333333333334 0.0354166666666666 0.1383333333333333
2 0.9026041666666668 0.4783333333333334 0.0260416666666666 0.1433333333333333
2 0.9458333333333332 0.4816666666666667 0.0333333333333333 0.1433333333333333
2 0.984375 0.4808333333333334 0.0291666666666666 0.1583333333333333
2 0.9848958333333332 0.4716666666666667 0.021875 0.14