1 0.3645833333333333 0.5025000000000001 0.05625 0.0383333333333333
6 0.4312499999999999 0.4408333333333333 0.0208333333333333 0.075
6 0.4354166666666667 0.435 0.0270833333333333 0.0833333333333333
1 0.5385416666666667 0.5033333333333334 0.0604166666666666 0.0433333333333333
7 0.6197916666666666 0.2258333333333333 0.0166666666666666 0.0516666666666666
6 0.61875 0.2266666666666666 0.0145833333333333 0.0466666666666666
6 0.6411458333333333 0.3908333333333333 0.015625 0.0383333333333333
6 0.6442708333333333 0.4016666666666666 0.015625 0.0466666666666666
1 0.690625 0.5233333333333333 0.0604166666666666 0.1333333333333333
6 0.7067708333333333 0.3916666666666667 0.015625 0.04
6 0.709375 0.39 0.0145833333333333 0.04
6 0.7427083333333333 0.265 0.01875 0.0566666666666666
6 0.7427083333333333 0.2608333333333333 0.0166666666666666 0.0416666666666666
6 0.8963541666666667 0.3708333333333333 0.015625 0.0416666666666666
6 0.903125 0.3758333333333333 0.01875 0.0516666666666666
2 0.9921875 0.5108333333333334 0.0135416666666666 0.0783333333333333