2 0.294921875 0.5341796875 0.0126953125 0.0537109375
2 0.048828125 0.5673828125 0.041015625 0.125
2 0.08203125 0.5712890625 0.0185546875 0.1083984375
2 0.1337890625 0.55078125 0.0283203125 0.10546875
2 0.17578125 0.5390625 0.017578125 0.0546875
2 0.25390625 0.5322265625 0.01953125 0.0517578125
2 0.2822265625 0.533203125 0.0166015625 0.0498046875
4 0.291015625 0.4482421875 0.015625 0.0400390625
1 0.57421875 0.5595703125 0.0517578125 0.1552734375
4 0.5595703125 0.4345703125 0.0185546875 0.0419921875
1 0.830078125 0.6923828125 0.3330078125 0.408203125
2 0.8916015625 0.447265625 0.060546875 0.0947265625
2 0.89453125 0.4541015625 0.0625 0.1083984375