3 0.1776041666666666 0.3283333333333333 0.0197916666666666 0.0533333333333333
1 0.3140625 0.5191666666666667 0.0510416666666666 0.0683333333333333
3 0.3088541666666666 0.3941666666666666 0.009375 0.035
3 0.3567708333333333 0.3583333333333333 0.0177083333333333 0.04
4 0.3895833333333333 0.4191666666666667 0.0083333333333333 0.0216666666666666
4 0.41875 0.44 0.0145833333333333 0.0333333333333333
1 0.4671875 0.5025000000000001 0.0322916666666666 0.055
4 0.490625 0.415 0.01875 0.0366666666666666
1 0.5885416666666666 0.5133333333333334 0.0291666666666666 0.0366666666666666
10 0.6411458333333333 0.5041666666666667 0.0677083333333333 0.095
10 0.6473958333333333 0.505 0.0760416666666666 0.1033333333333333
4 0.6895833333333333 0.425 0.0125 0.0433333333333333