2 0.1328125 0.5066666666666667 0.028125 0.0766666666666666
2 0.1380208333333333 0.4925 0.021875 0.0783333333333333
2 0.1416666666666666 0.4858333333333333 0.01875 0.0583333333333333
6 0.253125 0.3675 0.025 0.075
6 0.253125 0.3641666666666667 0.0208333333333333 0.0516666666666666
2 0.390625 0.4875 0.0354166666666666 0.085
2 0.5234375 0.485 0.0177083333333333 0.0533333333333333
2 0.5276041666666667 0.4841666666666667 0.021875 0.0583333333333333
1 0.5635416666666666 0.4841666666666667 0.03125 0.0483333333333333
6 0.5822916666666667 0.3491666666666667 0.0166666666666666 0.0683333333333333
2 0.6958333333333333 0.4733333333333334 0.0229166666666666 0.0733333333333333