1 0.0859375 0.4970703125 0.041015625 0.05859375
1 0.224609375 0.48828125 0.068359375 0.0732421875
3 0.2333984375 0.2412109375 0.01953125 0.0546875
1 0.341796875 0.4892578125 0.015625 0.021484375
4 0.3466796875 0.244140625 0.0185546875 0.0517578125
4 0.34765625 0.2451171875 0.0205078125 0.0537109375
4 0.4345703125 0.2626953125 0.017578125 0.05859375
4 0.4345703125 0.2666015625 0.0166015625 0.0595703125
4 0.61328125 0.3671875 0.01953125 0.05859375
4 0.6171875 0.3740234375 0.01953125 0.0546875
1 0.6650390625 0.4736328125 0.0869140625 0.0498046875