4 0.4005208333333333 0.425 0.0114583333333333 0.0233333333333333
4 0.4010416666666667 0.4275 0.0104166666666666 0.0316666666666666
4 0.4447916666666666 0.4316666666666667 0.0104166666666666 0.0266666666666666
4 0.4442708333333333 0.4316666666666667 0.009375 0.0233333333333333
4 0.4885416666666666 0.48 0.0125 0.03
4 0.4984375 0.4675 0.009375 0.035
4 0.4984375 0.4683333333333334 0.009375 0.0333333333333333
2 0.5135416666666667 0.5333333333333333 0.0125 0.0633333333333333
2 0.5125 0.5358333333333334 0.0104166666666666 0.065
2 0.5229166666666667 0.5325000000000001 0.0125 0.065
2 0.5265625 0.5325000000000001 0.009375 0.065
2 0.5375 0.5316666666666667 0.0125 0.0666666666666666
2 0.5375 0.5291666666666667 0.0125 0.0583333333333333
2 0.5489583333333333 0.5258333333333334 0.0145833333333333 0.0616666666666666
2 0.5505208333333333 0.5266666666666667 0.0114583333333333 0.0666666666666666