6 0.0830078125 0.0791015625 0.166015625 0.158203125
1 0.1767578125 0.5029296875 0.1025390625 0.0634765625
1 0.4775390625 0.49609375 0.0263671875 0.044921875
3 0.568359375 0.3603515625 0.0244140625 0.0615234375
1 0.6015625 0.4921875 0.0380859375 0.0517578125
1 0.66015625 0.4970703125 0.0498046875 0.06640625
3 0.65234375 0.3564453125 0.015625 0.04296875
4 0.7255859375 0.416015625 0.0166015625 0.0478515625
8 0.80078125 0.0771484375 0.0498046875 0.1162109375
3 0.7998046875 0.0751953125 0.02734375 0.09375
2 0.90234375 0.482421875 0.0224609375 0.078125
2 0.9833984375 0.494140625 0.025390625 0.1318359375