1 0.0424479166666666 0.5641666666666667 0.0838541666666666 0.0866666666666666
1 0.2671875 0.5166666666666667 0.0302083333333333 0.05
7 0.3244791666666666 0.3625 0.0177083333333333 0.035
7 0.3260416666666667 0.3725 0.0166666666666666 0.0416666666666666
6 0.3994791666666666 0.3733333333333333 0.015625 0.0433333333333333
6 0.4020833333333333 0.3725 0.0166666666666666 0.0383333333333333
1 0.4666666666666667 0.5283333333333333 0.0520833333333333 0.0933333333333333
6 0.4645833333333333 0.3908333333333333 0.0145833333333333 0.0383333333333333
6 0.4651041666666666 0.39 0.015625 0.0333333333333333
6 0.5447916666666667 0.445 0.01875 0.0466666666666666
3 0.5453125 0.4441666666666667 0.0135416666666666 0.035
1 0.6052083333333333 0.5066666666666667 0.0958333333333333 0.1366666666666667
6 0.7666666666666666 0.3891666666666667 0.0208333333333333 0.0516666666666666
6 0.7697916666666667 0.3916666666666667 0.025 0.08