7 0.0994791666666666 0.4316666666666667 0.0239583333333333 0.0666666666666666
1 0.2385416666666666 0.5325000000000001 0.05625 0.045
1 0.4473958333333333 0.5241666666666667 0.0427083333333333 0.055
6 0.4583333333333333 0.3016666666666667 0.0166666666666666 0.0466666666666666
7 0.4604166666666666 0.3008333333333333 0.0145833333333333 0.0416666666666666
10 0.525 0.5016666666666667 0.0645833333333333 0.1266666666666666
4 0.5583333333333333 0.2941666666666667 0.01875 0.0583333333333333
4 0.5578125 0.2958333333333333 0.0135416666666666 0.0583333333333333
1 0.6489583333333333 0.5091666666666667 0.0375 0.045
0 0.6630208333333333 0.5175000000000001 0.0177083333333333 0.065
4 0.7057291666666666 0.4225 0.021875 0.0716666666666666
4 0.7104166666666667 0.4141666666666667 0.0125 0.0383333333333333