2 0.5731770833333333 0.5175000000000001 0.0276041666666666 0.0683333333333333
2 0.5440104166666666 0.5254166666666668 0.0151041666666666 0.0691666666666666
0 0.0630208333333333 0.5516666666666667 0.059375 0.0866666666666666
2 0.059375 0.5208333333333334 0.0166666666666666 0.0316666666666666
2 0.1010416666666666 0.5483333333333333 0.0125 0.0666666666666666
1 0.1802083333333333 0.5408333333333334 0.0520833333333333 0.0516666666666666
7 0.28125 0.2775 0.0208333333333333 0.065
6 0.390625 0.2858333333333333 0.0208333333333333 0.0716666666666666
2 0.509375 0.5316666666666667 0.0354166666666666 0.0866666666666666
0 0.509375 0.53 0.0333333333333333 0.0733333333333333
6 0.5635416666666666 0.41 0.0229166666666666 0.0633333333333333
0 0.6296875 0.525 0.059375 0.0866666666666666
0 0.6614583333333334 0.5283333333333333 0.025 0.09
0 0.6640625 0.52 0.0239583333333333 0.08
1 0.9614583333333332 0.5158333333333334 0.0729166666666666 0.085