1 0.0604166666666666 0.5066666666666667 0.0708333333333333 0.11
10 0.1786458333333333 0.4825 0.153125 0.245
3 0.1270833333333333 0.1633333333333333 0.01875 0.0666666666666666
7 0.1333333333333333 0.1766666666666666 0.025 0.0833333333333333
4 0.3010416666666666 0.1766666666666666 0.0333333333333333 0.0833333333333333
4 0.3046875 0.1975 0.021875 0.055
1 0.3760416666666666 0.5091666666666667 0.0979166666666666 0.1316666666666666
4 0.4239583333333333 0.2116666666666666 0.0333333333333333 0.0766666666666666
4 0.4312499999999999 0.18 0.025 0.0766666666666666
4 0.6932291666666667 0.3358333333333334 0.0302083333333333 0.0783333333333333
4 0.6947916666666667 0.3566666666666667 0.0270833333333333 0.0633333333333333
1 0.8781249999999999 0.5025000000000001 0.0645833333333333 0.0783333333333333