3 0.2151041666666666 0.3566666666666667 0.0197916666666666 0.0533333333333333
1 0.3411458333333333 0.5216666666666667 0.053125 0.07
3 0.3317708333333333 0.4091666666666667 0.009375 0.035
3 0.3703125 0.3783333333333333 0.0177083333333333 0.04
4 0.396875 0.4291666666666667 0.0083333333333333 0.0216666666666666
4 0.4229166666666666 0.4416666666666667 0.0145833333333333 0.0333333333333333
1 0.4828125 0.5016666666666667 0.0364583333333333 0.0566666666666666
4 0.490625 0.4266666666666667 0.01875 0.0366666666666666
1 0.5911458333333334 0.5116666666666667 0.021875 0.04
10 0.6421875 0.4983333333333333 0.0760416666666666 0.1033333333333333
10 0.6447916666666667 0.505 0.075 0.0966666666666666
4 0.6604166666666667 0.4483333333333333 0.0145833333333333 0.03