1 0.19921875 0.505859375 0.09375 0.0986328125
1 0.3544921875 0.494140625 0.03515625 0.0478515625
3 0.3662109375 0.3740234375 0.0166015625 0.03515625
4 0.423828125 0.37109375 0.015625 0.0419921875
4 0.4228515625 0.375 0.0126953125 0.0302734375
4 0.46875 0.390625 0.0185546875 0.0380859375
4 0.4677734375 0.3828125 0.0146484375 0.0419921875
4 0.5595703125 0.4375 0.0185546875 0.044921875
4 0.5595703125 0.44140625 0.0146484375 0.0302734375
4 0.6650390625 0.4052734375 0.02734375 0.0595703125
4 0.666015625 0.408203125 0.0146484375 0.04296875