1 0.434375 0.5208333333333334 0.0541666666666666 0.065
2 0.4833333333333333 0.5216666666666667 0.025 0.1133333333333333
2 0.4817708333333333 0.5225000000000001 0.0197916666666666 0.115
2 0.5098958333333333 0.515 0.0177083333333333 0.1266666666666666
2 0.575 0.4991666666666667 0.0229166666666666 0.095
3 0.58125 0.3083333333333333 0.0291666666666666 0.0933333333333333
2 0.5739583333333333 0.5091666666666667 0.0145833333333333 0.105
2 0.596875 0.4958333333333333 0.0208333333333333 0.095
2 0.5963541666666666 0.4991666666666667 0.0177083333333333 0.105
2 0.6135416666666667 0.4975 0.0208333333333333 0.1116666666666666
2 0.8322916666666667 0.4975 0.0229166666666666 0.145
2 0.8338541666666667 0.49 0.0177083333333333 0.15
2 0.8333333333333334 0.49 0.0166666666666666 0.1466666666666666
2 0.8489583333333334 0.4975 0.0291666666666666 0.1483333333333333
2 0.8520833333333333 0.48 0.025 0.1366666666666667
2 0.8802083333333334 0.49 0.03125 0.1633333333333333
2 0.9161458333333332 0.4775 0.0197916666666666 0.135
2 0.915625 0.48 0.0166666666666666 0.1533333333333333
2 0.9333333333333332 0.485 0.025 0.1533333333333333
2 0.9385416666666666 0.49 0.03125 0.1833333333333333
2 0.9427083333333334 0.4825 0.025 0.145
2 0.9458333333333332 0.4833333333333333 0.025 0.1466666666666666