1 0.0625 0.517578125 0.1103515625 0.1162109375
3 0.0712890625 0.0849609375 0.109375 0.15625
1 0.318359375 0.51953125 0.091796875 0.0869140625
1 0.46875 0.494140625 0.033203125 0.0380859375
3 0.5703125 0.029296875 0.0263671875 0.056640625
3 0.5654296875 0.3603515625 0.0126953125 0.0517578125
3 0.65234375 0.35546875 0.015625 0.0400390625
4 0.7255859375 0.4111328125 0.015625 0.044921875
3 0.80078125 0.0732421875 0.025390625 0.08984375
2 0.8740234375 0.4736328125 0.0244140625 0.0703125
2 0.8876953125 0.4814453125 0.0205078125 0.0537109375
0 0.91015625 0.4970703125 0.0224609375 0.0986328125
2 0.943359375 0.490234375 0.025390625 0.103515625
2 0.9443359375 0.4970703125 0.01171875 0.0830078125