2 0.0229166666666666 0.5516666666666667 0.0229166666666666 0.0933333333333333
2 0.0276041666666666 0.5525 0.0260416666666666 0.1283333333333333
2 0.028125 0.5566666666666668 0.0208333333333333 0.08
1 0.1229166666666666 0.5533333333333333 0.0791666666666666 0.1033333333333333
2 0.096875 0.5208333333333334 0.0166666666666666 0.0316666666666666
1 0.434375 0.5208333333333334 0.0541666666666666 0.065
2 0.5145833333333333 0.5116666666666667 0.0208333333333333 0.0966666666666666
2 0.5151041666666667 0.5208333333333334 0.0197916666666666 0.115
2 0.5390625 0.5091666666666667 0.015625 0.115
3 0.58125 0.3091666666666667 0.0291666666666666 0.095
2 0.6291666666666667 0.5058333333333334 0.01875 0.1216666666666666
2 0.628125 0.51 0.0166666666666666 0.1133333333333333
2 0.6427083333333333 0.4983333333333333 0.01875 0.11
2 0.6432291666666666 0.4941666666666667 0.0177083333333333 0.105
2 0.6666666666666666 0.4925 0.0208333333333333 0.1116666666666666
2 0.8489583333333334 0.4841666666666667 0.0208333333333333 0.1516666666666666
2 0.8520833333333333 0.4908333333333333 0.025 0.145
2 0.8515625 0.4725 0.021875 0.135
2 0.8541666666666666 0.4941666666666667 0.0270833333333333 0.145
2 0.9083333333333332 0.4866666666666667 0.03125 0.1633333333333333
2 0.95 0.4758333333333334 0.0208333333333333 0.1516666666666666
2 0.9541666666666666 0.4858333333333333 0.0291666666666666 0.1483333333333333
2 0.9921875 0.4791666666666667 0.0135416666666666 0.1516666666666666