3 0.0830078125 0.0791015625 0.166015625 0.158203125
1 0.1708984375 0.5029296875 0.1025390625 0.0634765625
1 0.4365234375 0.4990234375 0.0283203125 0.03515625
1 0.5654296875 0.4912109375 0.0283203125 0.0478515625
3 0.568359375 0.3603515625 0.0244140625 0.0615234375
1 0.6328125 0.4921875 0.0380859375 0.0654296875
3 0.65234375 0.3564453125 0.015625 0.04296875
4 0.7255859375 0.4169921875 0.0166015625 0.0498046875
6 0.80078125 0.0771484375 0.0498046875 0.1162109375
3 0.7998046875 0.0751953125 0.02734375 0.09375
2 0.9580078125 0.48046875 0.025390625 0.0966796875
2 0.966796875 0.46875 0.0224609375 0.078125