1 0.2161458333333333 0.5058333333333334 0.0197916666666666 0.075
1 0.3223958333333333 0.5016666666666667 0.015625 0.0366666666666666
1 0.4427083333333333 0.4891666666666667 0.0270833333333333 0.0483333333333333
2 0.4708333333333333 0.495 0.0104166666666666 0.0533333333333333
1 0.525 0.5016666666666667 0.0395833333333333 0.0733333333333333
2 0.6760416666666667 0.5233333333333333 0.0229166666666666 0.09
2 0.6927083333333334 0.51 0.0145833333333333 0.1333333333333333
2 0.7078125 0.5041666666666667 0.0135416666666666 0.115
2 0.740625 0.505 0.025 0.1233333333333333
2 0.8041666666666667 0.4975 0.0145833333333333 0.125
2 0.8666666666666667 0.5183333333333333 0.025 0.11
2 0.9015625 0.5091666666666667 0.0385416666666666 0.1383333333333333