1 0.2060546875 0.4990234375 0.0673828125 0.078125
7 0.2412109375 0.2568359375 0.021484375 0.0771484375
4 0.3486328125 0.271484375 0.0283203125 0.04296875
1 0.3486328125 0.4892578125 0.029296875 0.0419921875
4 0.3505859375 0.2490234375 0.0244140625 0.068359375
4 0.4345703125 0.2919921875 0.03125 0.0400390625
4 0.435546875 0.2744140625 0.017578125 0.068359375
2 0.5615234375 0.484375 0.0166015625 0.0419921875
4 0.615234375 0.400390625 0.0302734375 0.04296875
4 0.615234375 0.3837890625 0.0224609375 0.0546875
4 0.66796875 0.3076171875 0.03515625 0.078125
4 0.66796875 0.330078125 0.03515625 0.0498046875
1 0.841796875 0.474609375 0.1845703125 0.125