4 0.2838541666666667 0.1325 0.0302083333333333 0.085
1 0.3151041666666667 0.5066666666666667 0.040625 0.04
4 0.4192708333333333 0.1875 0.0385416666666666 0.0516666666666666
4 0.4171875 0.1691666666666667 0.0239583333333333 0.095
2 0.5958333333333333 0.4941666666666667 0.01875 0.0616666666666666
2 0.5963541666666666 0.4983333333333333 0.015625 0.06
1 0.64375 0.5016666666666667 0.0291666666666666 0.0633333333333333
4 0.7052083333333333 0.3358333333333334 0.0333333333333333 0.075
4 0.70625 0.35 0.0333333333333333 0.0633333333333333
1 0.7270833333333333 0.4975 0.0708333333333333 0.095
1 0.8354166666666667 0.4808333333333334 0.0270833333333333 0.045