1 0.0615234375 0.474609375 0.037109375 0.0419921875
1 0.1396484375 0.4677734375 0.01953125 0.0478515625
1 0.2373046875 0.46875 0.037109375 0.04296875
6 0.412109375 0.3125 0.01953125 0.0478515625
7 0.4130859375 0.3125 0.01953125 0.044921875
6 0.50390625 0.310546875 0.0244140625 0.044921875
6 0.505859375 0.3095703125 0.0166015625 0.0498046875
6 0.607421875 0.3232421875 0.0185546875 0.046875
6 0.60546875 0.326171875 0.0146484375 0.044921875
6 0.6904296875 0.39453125 0.021484375 0.044921875
6 0.689453125 0.3916015625 0.0166015625 0.0498046875
6 0.83984375 0.3125 0.01953125 0.0751953125
6 0.845703125 0.3076171875 0.01953125 0.0654296875