3 0.0864583333333333 0.2675 0.01875 0.0683333333333333
1 0.2411458333333333 0.5166666666666667 0.0177083333333333 0.03
3 0.2619791666666666 0.3625 0.0197916666666666 0.055
3 0.3302083333333333 0.3058333333333333 0.0166666666666666 0.0483333333333333
4 0.3776041666666667 0.4091666666666667 0.0114583333333333 0.025
4 0.4145833333333333 0.44 0.0145833333333333 0.0333333333333333
4 0.5 0.395 0.01875 0.0366666666666666
1 0.5635416666666666 0.5208333333333334 0.0333333333333333 0.0416666666666666
10 0.7536458333333333 0.4908333333333333 0.0864583333333333 0.0683333333333333
4 0.7776041666666667 0.4075 0.0177083333333333 0.0516666666666666
1 0.8864583333333333 0.8250000000000001 0.2145833333333333 0.3266666666666666
3 0.8083333333333333 0.3533333333333333 0.0166666666666666 0.0433333333333333