1 0.1943359375 0.4658203125 0.025390625 0.03125
1 0.2822265625 0.46875 0.0341796875 0.0400390625
7 0.4482421875 0.3662109375 0.01953125 0.044921875
1 0.5107421875 0.486328125 0.0419921875 0.0537109375
6 0.5166015625 0.349609375 0.025390625 0.033203125
6 0.5166015625 0.3662109375 0.013671875 0.0380859375
6 0.58203125 0.3740234375 0.01953125 0.0380859375
6 0.5849609375 0.3818359375 0.0126953125 0.037109375
6 0.6923828125 0.3916015625 0.013671875 0.0234375
6 0.6953125 0.412109375 0.013671875 0.0546875
0 0.7978515625 0.5009765625 0.0341796875 0.0478515625