2 0.0106770833333333 0.55625 0.0203125 0.0741666666666666
0 0.0973958333333333 0.5425 0.0614583333333333 0.095
1 0.1786458333333333 0.54 0.046875 0.0666666666666666
7 0.2807291666666666 0.2775 0.021875 0.065
6 0.3901041666666666 0.2858333333333333 0.021875 0.0716666666666666
0 0.509375 0.53 0.0333333333333333 0.0733333333333333
6 0.5630208333333333 0.41 0.0239583333333333 0.0633333333333333
2 0.634375 0.5491666666666667 0.0854166666666666 0.2216666666666666
2 0.6359375 0.5491666666666667 0.0822916666666666 0.2183333333333333
0 0.6625 0.525 0.03125 0.09
0 0.6625 0.53 0.025 0.09