10 0.0885416666666666 0.3825 0.1770833333333333 0.3216666666666667
1 0.234375 0.4808333333333334 0.1395833333333333 0.1983333333333333
6 0.3385416666666667 0.3683333333333333 0.01875 0.0333333333333333
6 0.3432291666666666 0.3658333333333333 0.0135416666666666 0.035
6 0.3822916666666666 0.3683333333333333 0.0145833333333333 0.0266666666666666
6 0.3854166666666667 0.3675 0.0125 0.0283333333333333
6 0.4442708333333333 0.3616666666666667 0.015625 0.0366666666666666
6 0.4447916666666666 0.3666666666666667 0.0145833333333333 0.03
1 0.521875 0.5041666666666667 0.0895833333333333 0.115
6 0.490625 0.3633333333333333 0.01875 0.0366666666666666
6 0.490625 0.3633333333333333 0.0145833333333333 0.0266666666666666
6 0.5833333333333334 0.405 0.0125 0.0266666666666666
1 0.709375 0.4708333333333334 0.0395833333333333 0.055
6 0.79375 0.3233333333333333 0.0229166666666666 0.0366666666666666