1 0.1104166666666666 0.5625 0.0333333333333333 0.0516666666666666
7 0.2411458333333333 0.3583333333333333 0.0135416666666666 0.0466666666666666
4 0.3432291666666666 0.3375 0.015625 0.0483333333333333
1 0.4 0.5533333333333333 0.0541666666666666 0.08
4 0.4286458333333333 0.3475 0.015625 0.0516666666666666
2 0.603125 0.5391666666666667 0.04375 0.0883333333333333
4 0.5947916666666666 0.4466666666666667 0.0208333333333333 0.0566666666666666
4 0.59375 0.4333333333333333 0.0145833333333333 0.05
0 0.6026041666666666 0.53 0.015625 0.0733333333333333
2 0.721875 0.5341666666666667 0.06875 0.1216666666666666
0 0.7255208333333333 0.5275000000000001 0.0197916666666666 0.1083333333333333