1 0.14453125 0.544921875 0.080078125 0.0830078125
3 0.265625 0.271484375 0.025390625 0.06640625
3 0.3857421875 0.28125 0.0244140625 0.0751953125
2 0.482421875 0.53125 0.0244140625 0.06640625
3 0.5712890625 0.4150390625 0.02734375 0.080078125
2 0.611328125 0.541015625 0.0205078125 0.087890625
2 0.6318359375 0.5400390625 0.0185546875 0.099609375
2 0.646484375 0.533203125 0.017578125 0.0966796875
2 0.6591796875 0.5400390625 0.03125 0.1064453125
0 0.6865234375 0.537109375 0.033203125 0.115234375
2 0.720703125 0.5390625 0.02734375 0.10546875
0 0.7470703125 0.53125 0.0419921875 0.146484375
2 0.8564453125 0.5244140625 0.029296875 0.0986328125
1 0.974609375 0.5498046875 0.0458984375 0.0830078125