0 0.3877604166666666 0.47125 0.0078125 0.0308333333333333
1 0.4536458333333333 0.4716666666666667 0.0260416666666666 0.04
6 0.4848958333333333 0.3775 0.0135416666666666 0.0316666666666666
6 0.4859374999999999 0.3858333333333333 0.0135416666666666 0.0316666666666666
6 0.5182291666666666 0.38 0.0114583333333333 0.03
6 0.5223958333333333 0.3866666666666667 0.0135416666666666 0.0333333333333333
6 0.5588541666666667 0.3883333333333333 0.015625 0.0333333333333333
6 0.5583333333333333 0.3833333333333333 0.0104166666666666 0.03
6 0.6286458333333333 0.4275 0.009375 0.0283333333333333
6 0.65 0.4091666666666667 0.0125 0.025
6 0.6541666666666667 0.4183333333333333 0.0145833333333333 0.04