2 0.0088541666666666 0.5408333333333334 0.0177083333333333 0.1616666666666666
2 0.0291666666666666 0.525 0.0208333333333333 0.0566666666666666
2 0.0625 0.5341666666666667 0.0416666666666666 0.1816666666666666
2 0.1239583333333333 0.5216666666666667 0.0166666666666666 0.0633333333333333
2 0.1552083333333333 0.5175000000000001 0.0125 0.055
6 0.1885416666666666 0.4133333333333334 0.0145833333333333 0.04
1 0.3359375 0.5700000000000001 0.1572916666666666 0.1933333333333333
2 0.4260416666666666 0.5325000000000001 0.03125 0.1316666666666666
6 0.4765625 0.385 0.015625 0.0533333333333333
2 0.5270833333333333 0.5283333333333333 0.0333333333333333 0.12
2 0.5515625 0.5133333333333334 0.0364583333333333 0.14
2 0.5546875 0.5208333333333334 0.0364583333333333 0.1283333333333333
2 0.634375 0.535 0.0229166666666666 0.09
2 0.8838541666666666 0.4575 0.0385416666666666 0.1016666666666666
2 0.9026041666666668 0.4675 0.0385416666666666 0.1116666666666666