1 0.0447916666666666 0.6066666666666667 0.0895833333333333 0.5366666666666667
10 0.1328125 0.49 0.1864583333333333 0.2133333333333333
7 0.2468749999999999 0.35 0.0229166666666666 0.0633333333333333
3 0.2510416666666666 0.3483333333333333 0.01875 0.05
3 0.3057291666666666 0.355 0.0197916666666666 0.0666666666666666
1 0.3479166666666666 0.4975 0.0666666666666666 0.0883333333333333
4 0.3822916666666666 0.3583333333333333 0.01875 0.0566666666666666
3 0.3890625 0.3433333333333334 0.0177083333333333 0.0466666666666666
4 0.4447916666666666 0.3616666666666667 0.0333333333333333 0.0766666666666666
6 0.4463541666666666 0.3433333333333334 0.0177083333333333 0.05
4 0.5692708333333333 0.415 0.0177083333333333 0.06
4 0.5692708333333333 0.4141666666666667 0.0177083333333333 0.045
1 0.8864583333333333 0.525 0.2229166666666666 0.4766666666666667