2 0.0223958333333333 0.5358333333333334 0.015625 0.0783333333333333
2 0.0239583333333333 0.5283333333333333 0.0104166666666666 0.08
1 0.228125 0.6816666666666668 0.39375 0.4333333333333333
6 0.1578125 0.3975 0.0135416666666666 0.045
6 0.5135416666666667 0.365 0.0166666666666666 0.0566666666666666
2 0.6473958333333333 0.5308333333333334 0.021875 0.1016666666666666
2 0.646875 0.5275000000000001 0.0166666666666666 0.0916666666666666
2 0.7 0.5291666666666667 0.06875 0.2583333333333333
2 0.7182291666666667 0.535 0.0322916666666666 0.2166666666666666
2 0.9145833333333332 0.5358333333333334 0.0333333333333333 0.1883333333333333
2 0.9177083333333332 0.5275000000000001 0.0333333333333333 0.175