1 0.1317708333333333 0.5425 0.0739583333333333 0.0783333333333333
7 0.240625 0.2225 0.0229166666666666 0.1016666666666666
6 0.2458333333333333 0.2133333333333333 0.01875 0.0433333333333333
4 0.3880208333333333 0.2283333333333333 0.0197916666666666 0.0766666666666666
4 0.3895833333333333 0.2483333333333333 0.0166666666666666 0.0366666666666666
1 0.4067708333333333 0.5225000000000001 0.034375 0.045
4 0.51875 0.245 0.0291666666666666 0.0733333333333333
4 0.5177083333333333 0.26 0.01875 0.04
1 0.6192708333333333 0.5333333333333333 0.0364583333333333 0.07
1 0.7078125 0.5366666666666667 0.0677083333333333 0.0633333333333333
4 0.7697916666666667 0.41 0.0208333333333333 0.0366666666666666