2 0.8346354166666666 0.46875 0.0286458333333333 0.1141666666666666
2 0.0145833333333333 0.5491666666666667 0.025 0.105
2 0.1479166666666666 0.53 0.0229166666666666 0.07
4 0.2479166666666666 0.425 0.0166666666666666 0.05
1 0.5276041666666667 0.5158333333333334 0.059375 0.0616666666666666
4 0.5166666666666666 0.4041666666666667 0.01875 0.0583333333333333
2 0.5625 0.5275000000000001 0.0291666666666666 0.125
2 0.5760416666666667 0.5225000000000001 0.0145833333333333 0.125
2 0.5817708333333333 0.505 0.021875 0.07
2 0.5947916666666666 0.5183333333333333 0.0291666666666666 0.1133333333333333
2 0.6161458333333333 0.5016666666666667 0.0177083333333333 0.08
2 0.6359375 0.5191666666666667 0.0260416666666666 0.1083333333333333
2 0.7052083333333333 0.4916666666666667 0.0208333333333333 0.06
2 0.7135416666666666 0.4808333333333334 0.0166666666666666 0.0383333333333333
2 0.7442708333333333 0.5016666666666667 0.0447916666666666 0.0733333333333333