1 0.0322916666666666 0.4716666666666667 0.03125 0.0566666666666666
1 0.1026041666666666 0.4766666666666667 0.0510416666666666 0.04
1 0.2354166666666666 0.4683333333333334 0.0458333333333333 0.0533333333333333
6 0.4119791666666667 0.3125 0.0197916666666666 0.0483333333333333
7 0.4130208333333333 0.3125 0.0197916666666666 0.045
6 0.5036458333333333 0.3108333333333333 0.0239583333333333 0.045
6 0.50625 0.31 0.0166666666666666 0.05
6 0.6072916666666667 0.3233333333333333 0.01875 0.0466666666666666
6 0.6052083333333333 0.3258333333333333 0.0145833333333333 0.045
6 0.6901041666666666 0.3941666666666666 0.021875 0.045
6 0.6895833333333333 0.3916666666666667 0.0166666666666666 0.05
6 0.8401041666666667 0.3125 0.0197916666666666 0.075
6 0.8453125 0.3075 0.0197916666666666 0.065