1 0.0552083333333333 0.5625 0.04375 0.0316666666666666
10 0.0817708333333333 0.5408333333333334 0.0489583333333333 0.0316666666666666
7 0.1052083333333333 0.485 0.0125 0.04
7 0.1052083333333333 0.4841666666666667 0.0125 0.035
7 0.2885416666666666 0.405 0.0104166666666666 0.0366666666666666
7 0.2911458333333333 0.4033333333333334 0.0114583333333333 0.0366666666666666
1 0.3479166666666666 0.5266666666666667 0.0104166666666666 0.02
4 0.3630208333333333 0.3925 0.0114583333333333 0.035
4 0.3640625 0.3941666666666666 0.0114583333333333 0.0383333333333333
4 0.4880208333333333 0.4583333333333333 0.0114583333333333 0.03
4 0.4875 0.4683333333333334 0.0104166666666666 0.0333333333333333
1 0.5963541666666666 0.5175000000000001 0.0802083333333333 0.055