0 0.0546875 0.5466666666666667 0.034375 0.07
7 0.0510416666666666 0.4408333333333333 0.0229166666666666 0.0583333333333333
0 0.053125 0.5416666666666667 0.0166666666666666 0.0666666666666666
2 0.0807291666666666 0.5383333333333333 0.0239583333333333 0.08
2 0.0838541666666666 0.5416666666666667 0.0260416666666666 0.0766666666666666
0 0.0802083333333333 0.5375000000000001 0.0104166666666666 0.0683333333333333
1 0.171875 0.525 0.0875 0.0733333333333333
10 0.1734375 0.5216666666666667 0.0822916666666666 0.0833333333333333
10 0.2364583333333333 0.5116666666666667 0.05625 0.0566666666666666
2 0.2848958333333333 0.5133333333333334 0.0239583333333333 0.0733333333333333
10 0.3270833333333333 0.4816666666666667 0.1 0.1466666666666666
1 0.4390624999999999 0.5133333333333334 0.028125 0.03
7 0.4484375 0.3241666666666667 0.0197916666666666 0.0583333333333333
6 0.5182291666666666 0.3258333333333333 0.0239583333333333 0.065
6 0.6552083333333333 0.4108333333333334 0.0229166666666666 0.065
1 0.8614583333333333 0.6425000000000001 0.26875 0.6983333333333334