6 0.0822916666666666 0.0783333333333333 0.1645833333333333 0.1566666666666666
1 0.0875 0.5325000000000001 0.0375 0.0516666666666666
1 0.3786458333333333 0.5108333333333334 0.071875 0.075
1 0.5526041666666667 0.4925 0.0260416666666666 0.0416666666666666
3 0.5682291666666667 0.3608333333333333 0.0239583333333333 0.0616666666666666
1 0.61875 0.4916666666666667 0.05 0.0666666666666666
3 0.6526041666666667 0.3566666666666667 0.015625 0.0433333333333333
4 0.7260416666666667 0.4158333333333333 0.0166666666666666 0.0483333333333333
2 0.7598958333333333 0.4858333333333333 0.0239583333333333 0.065
6 0.8010416666666667 0.0766666666666666 0.05 0.1166666666666666
3 0.8 0.075 0.0270833333333333 0.0933333333333333
2 0.934375 0.4883333333333333 0.025 0.0966666666666666
2 0.9385416666666666 0.4825 0.0229166666666666 0.0783333333333333