1 0.1260416666666666 0.5716666666666667 0.2 0.1733333333333333
6 0.1765625 0.4575 0.0177083333333333 0.0416666666666666
1 0.3151041666666667 0.53 0.0572916666666666 0.07
6 0.36875 0.3916666666666667 0.0145833333333333 0.0366666666666666
4 0.4291666666666666 0.3891666666666667 0.0208333333333333 0.0483333333333333
4 0.4302083333333333 0.395 0.01875 0.03
4 0.5234375 0.455 0.0239583333333333 0.05
4 0.5197916666666667 0.4616666666666666 0.0145833333333333 0.0333333333333333
4 0.5755208333333334 0.4175 0.0197916666666666 0.055
4 0.5770833333333333 0.43 0.0145833333333333 0.03
1 0.6791666666666667 0.505 0.0375 0.04
1 0.79375 0.5 0.0770833333333333 0.0433333333333333