2 0.0107421875 0.556640625 0.0205078125 0.07421875
0 0.09765625 0.54296875 0.0615234375 0.0947265625
1 0.330078125 0.65234375 0.33203125 0.421875
7 0.2802734375 0.27734375 0.021484375 0.0654296875
6 0.3896484375 0.2861328125 0.021484375 0.0712890625
0 0.509765625 0.5302734375 0.033203125 0.0732421875
6 0.5634765625 0.41015625 0.0244140625 0.0634765625
2 0.634765625 0.548828125 0.0849609375 0.2216796875
2 0.6357421875 0.548828125 0.08203125 0.21875
0 0.662109375 0.525390625 0.03125 0.08984375
0 0.662109375 0.5302734375 0.025390625 0.08984375