2 0.4559895833333333 0.5179166666666667 0.0151041666666666 0.0558333333333333
2 0.4385416666666666 0.5245833333333334 0.015625 0.0441666666666666
2 0.4145833333333333 0.5220833333333333 0.0125 0.0491666666666666
2 0.1458333333333333 0.53 0.0291666666666666 0.0966666666666666
2 0.1838541666666666 0.5333333333333333 0.028125 0.1
2 0.1921875 0.535 0.0239583333333333 0.1033333333333333
0 0.2713541666666667 0.5216666666666667 0.0197916666666666 0.0566666666666666
2 0.2958333333333333 0.545 0.0395833333333333 0.1333333333333333
2 0.3130208333333333 0.5433333333333333 0.021875 0.13
1 0.3505208333333333 0.5233333333333333 0.0864583333333333 0.0533333333333333
2 0.5604166666666667 0.5516666666666667 0.0270833333333333 0.1266666666666666
2 0.5927083333333333 0.5325000000000001 0.0333333333333333 0.145
1 0.6864583333333333 0.4966666666666667 0.0520833333333333 0.0766666666666666
2 0.9276041666666668 0.5925 0.053125 0.4583333333333333