2 0.5424479166666667 0.5025000000000001 0.0119791666666666 0.0683333333333333
2 0.51328125 0.5 0.0161458333333333 0.0683333333333333
2 0.5276041666666667 0.505 0.0177083333333333 0.0716666666666666
2 0.0447916666666666 0.5475 0.0208333333333333 0.095
2 0.0442708333333333 0.5475 0.0177083333333333 0.0916666666666666
2 0.0578124999999999 0.545 0.0135416666666666 0.0733333333333333
2 0.0723958333333333 0.5458333333333334 0.0177083333333333 0.1016666666666666
1 0.1265625 0.5558333333333334 0.078125 0.0816666666666666
1 0.4354166666666667 0.5216666666666667 0.0479166666666666 0.0533333333333333
3 0.5817708333333333 0.3133333333333333 0.0260416666666666 0.0966666666666666
2 0.9854166666666666 0.4775 0.025 0.155