1 0.0088541666666666 0.5908333333333333 0.0177083333333333 0.1883333333333333
10 0.0895833333333333 0.4791666666666667 0.10625 0.075
3 0.3166666666666666 0.3283333333333333 0.01875 0.0566666666666666
6 0.4140625 0.3258333333333333 0.0197916666666666 0.0483333333333333
1 0.4791666666666667 0.5208333333333334 0.0291666666666666 0.045
6 0.4916666666666666 0.3266666666666666 0.01875 0.0566666666666666
2 0.6104166666666666 0.5183333333333333 0.0145833333333333 0.04
6 0.6791666666666667 0.4175 0.0166666666666666 0.0483333333333333
1 0.8760416666666666 0.4516666666666667 0.2312499999999999 0.1033333333333333
10 0.9276041666666668 0.4658333333333334 0.1385416666666666 0.1116666666666666
6 0.9296875 0.2566666666666667 0.053125 0.1566666666666666