10 0.0849609375 0.53125 0.0654296875 0.0478515625
1 0.2138671875 0.537109375 0.0302734375 0.0380859375
3 0.23046875 0.3271484375 0.0185546875 0.0703125
3 0.3173828125 0.25 0.021484375 0.0732421875
4 0.3974609375 0.4140625 0.0166015625 0.0380859375
4 0.396484375 0.4130859375 0.0126953125 0.037109375
4 0.4375 0.4404296875 0.0166015625 0.03125
4 0.4384765625 0.443359375 0.0146484375 0.0400390625
1 0.5419921875 0.5439453125 0.0732421875 0.0947265625
4 0.5361328125 0.3974609375 0.017578125 0.044921875
4 0.533203125 0.396484375 0.0126953125 0.033203125
4 0.6591796875 0.474609375 0.0126953125 0.03125
1 0.833984375 0.6220703125 0.328125 0.580078125
3 0.927734375 0.333984375 0.01953125 0.0419921875