2 0.0520833333333333 0.5425 0.0291666666666666 0.1183333333333333
2 0.0541666666666666 0.5408333333333334 0.0270833333333333 0.095
1 0.1229166666666666 0.5533333333333333 0.0791666666666666 0.1033333333333333
2 0.1166666666666666 0.5641666666666667 0.0229166666666666 0.1316666666666666
2 0.1203125 0.5533333333333333 0.0177083333333333 0.1333333333333333
2 0.1244791666666666 0.5458333333333334 0.0239583333333333 0.125
2 0.1453125 0.5516666666666667 0.028125 0.13
2 0.1901041666666666 0.545 0.0364583333333333 0.1466666666666666
2 0.3854166666666667 0.5258333333333334 0.0270833333333333 0.145
2 0.3838541666666666 0.5316666666666667 0.021875 0.1266666666666666
2 0.4114583333333333 0.5225000000000001 0.01875 0.1516666666666666
2 0.540625 0.5091666666666667 0.0229166666666666 0.095
2 0.5614583333333333 0.5091666666666667 0.0208333333333333 0.095
2 0.5614583333333333 0.505 0.0125 0.0833333333333333
2 0.5739583333333333 0.5058333333333334 0.0229166666666666 0.105
3 0.5817708333333333 0.3075 0.028125 0.0916666666666666
2 0.6583333333333333 0.5008333333333334 0.0270833333333333 0.1316666666666666
1 0.8510416666666667 0.68 0.2916666666666667 0.6366666666666667
2 0.8395833333333333 0.495 0.0270833333333333 0.13
2 0.8369791666666666 0.4883333333333333 0.0135416666666666 0.14