2 0.2080729166666666 0.53125 0.0255208333333333 0.0658333333333333
2 0.0859375 0.55 0.028125 0.0933333333333333
2 0.0875 0.5466666666666667 0.0229166666666666 0.0733333333333333
0 0.1484375 0.5383333333333333 0.0447916666666666 0.09
2 0.1520833333333333 0.5375000000000001 0.0208333333333333 0.0816666666666666
7 0.2807291666666666 0.2766666666666666 0.0197916666666666 0.0633333333333333
6 0.3901041666666666 0.2858333333333333 0.0197916666666666 0.0716666666666666
0 0.4557291666666667 0.53 0.084375 0.1866666666666666
1 0.5895833333333333 0.5416666666666667 0.1916666666666666 0.1166666666666666
6 0.5630208333333333 0.4083333333333334 0.021875 0.0633333333333333
2 0.6484375 0.5 0.021875 0.0633333333333333
0 0.6604166666666667 0.505 0.0270833333333333 0.0466666666666666
0 0.84375 0.5425 0.11875 0.175