1 0.1713541666666666 0.54 0.046875 0.05
3 0.2776041666666666 0.28 0.0239583333333333 0.0666666666666666
3 0.3890625 0.2858333333333333 0.0239583333333333 0.075
2 0.4869791666666667 0.5258333333333334 0.021875 0.0683333333333333
3 0.5635416666666666 0.415 0.0270833333333333 0.0766666666666666
2 0.5614583333333333 0.52 0.0208333333333333 0.0733333333333333
2 0.5755208333333334 0.5208333333333334 0.0177083333333333 0.0816666666666666
2 0.5864583333333333 0.5225000000000001 0.01875 0.0816666666666666
2 0.6046875 0.5225000000000001 0.0239583333333333 0.0916666666666666
0 0.6270833333333333 0.5275000000000001 0.0333333333333333 0.0916666666666666
0 0.6541666666666667 0.5266666666666667 0.0333333333333333 0.09
2 0.6869791666666667 0.525 0.021875 0.0866666666666666
2 0.7015625 0.5283333333333333 0.0239583333333333 0.0866666666666666
2 0.725 0.5216666666666667 0.0208333333333333 0.0866666666666666
2 0.76875 0.52 0.03125 0.1166666666666666