0 0.931640625 0.4970703125 0.041015625 0.080078125
1 0.150390625 0.4541015625 0.02734375 0.03125
1 0.2490234375 0.4560546875 0.046875 0.0478515625
6 0.43359375 0.3408203125 0.01953125 0.0478515625
7 0.439453125 0.3388671875 0.01953125 0.044921875
1 0.5068359375 0.4794921875 0.0654296875 0.078125
6 0.5087890625 0.330078125 0.025390625 0.033203125
6 0.509765625 0.3359375 0.013671875 0.0380859375
6 0.5849609375 0.349609375 0.01953125 0.0380859375
6 0.58984375 0.353515625 0.015625 0.033203125
6 0.7294921875 0.357421875 0.0166015625 0.03125
6 0.728515625 0.3671875 0.013671875 0.0546875