0 0.947265625 0.529296875 0.1044921875 0.287109375
7 0.09375 0.341796875 0.0185546875 0.046875
1 0.1767578125 0.53125 0.0361328125 0.04296875
10 0.2568359375 0.4951171875 0.08203125 0.1533203125
4 0.2509765625 0.3623046875 0.0166015625 0.0478515625
4 0.3759765625 0.4375 0.0205078125 0.0517578125
2 0.517578125 0.5478515625 0.0205078125 0.0986328125
2 0.5478515625 0.52734375 0.0166015625 0.0849609375
2 0.5576171875 0.5439453125 0.0185546875 0.087890625
2 0.6259765625 0.53515625 0.0185546875 0.1103515625
4 0.6298828125 0.3349609375 0.0224609375 0.0966796875
1 0.6962890625 0.51953125 0.0986328125 0.056640625