2 0.0130208333333333 0.5491666666666667 0.0239583333333333 0.105
4 0.2479166666666666 0.4283333333333333 0.0166666666666666 0.05
1 0.5276041666666667 0.5191666666666667 0.0635416666666666 0.085
4 0.5166666666666666 0.4075 0.01875 0.0583333333333333
2 0.5645833333333333 0.5275000000000001 0.0291666666666666 0.125
2 0.5744791666666667 0.5325000000000001 0.015625 0.1316666666666666
2 0.5838541666666667 0.5066666666666667 0.021875 0.07
2 0.5947916666666666 0.52 0.0291666666666666 0.1133333333333333
2 0.6359375 0.5191666666666667 0.0260416666666666 0.1083333333333333
2 0.7072916666666667 0.5066666666666667 0.0145833333333333 0.07
2 0.7208333333333333 0.5016666666666667 0.0145833333333333 0.0866666666666666
2 0.7473958333333334 0.5033333333333334 0.0447916666666666 0.0733333333333333