1 0.1072916666666666 0.5391666666666667 0.0333333333333333 0.045
1 0.340625 0.5591666666666667 0.1166666666666666 0.1483333333333333
7 0.325 0.3383333333333334 0.0208333333333333 0.05
7 0.325 0.3391666666666666 0.01875 0.0483333333333333
6 0.4166666666666667 0.3466666666666667 0.0166666666666666 0.06
6 0.4291666666666666 0.3441666666666667 0.01875 0.055
6 0.4994791666666666 0.3683333333333333 0.015625 0.05
6 0.4994791666666666 0.365 0.0135416666666666 0.0466666666666666
1 0.6265625 0.5683333333333334 0.196875 0.2233333333333333
6 0.5979166666666667 0.435 0.0208333333333333 0.0566666666666666
3 0.5973958333333333 0.4258333333333333 0.015625 0.0416666666666666