2 0.2890625 0.5341796875 0.0126953125 0.0654296875
2 0.017578125 0.568359375 0.0234375 0.12890625
2 0.0673828125 0.576171875 0.021484375 0.103515625
2 0.05078125 0.5654296875 0.017578125 0.123046875
2 0.0986328125 0.552734375 0.02734375 0.1220703125
2 0.1796875 0.54296875 0.021484375 0.0732421875
2 0.1767578125 0.54296875 0.0166015625 0.0634765625
2 0.2392578125 0.53515625 0.0244140625 0.0595703125
2 0.26953125 0.53125 0.0166015625 0.0498046875
4 0.2861328125 0.44140625 0.015625 0.0400390625
1 0.556640625 0.5283203125 0.1064453125 0.0771484375
4 0.564453125 0.4248046875 0.0205078125 0.0498046875
1 0.720703125 0.603515625 0.2177734375 0.29296875
2 0.9521484375 0.4404296875 0.0625 0.1083984375