5 0.1533203125 0.4736328125 0.0283203125 0.0732421875
10 0.224609375 0.49609375 0.1025390625 0.1845703125
7 0.3115234375 0.435546875 0.0185546875 0.0478515625
5 0.3115234375 0.4345703125 0.013671875 0.04296875
1 0.3369140625 0.4775390625 0.01953125 0.0478515625
1 0.427734375 0.5263671875 0.09375 0.1396484375
4 0.494140625 0.3271484375 0.0166015625 0.0478515625
4 0.494140625 0.326171875 0.015625 0.044921875
1 0.556640625 0.4912109375 0.048828125 0.046875
4 0.6064453125 0.408203125 0.0126953125 0.033203125
2 0.6083984375 0.4765625 0.017578125 0.06640625