3 0.3015625 0.46 0.0135416666666666 0.0333333333333333
10 0.4088541666666667 0.48 0.059375 0.0733333333333333
10 0.4078124999999999 0.4825 0.0447916666666666 0.0816666666666666
4 0.4484375 0.3983333333333334 0.0177083333333333 0.0366666666666666
1 0.4932291666666666 0.4908333333333333 0.0322916666666666 0.0383333333333333
4 0.515625 0.405 0.0229166666666666 0.0366666666666666
4 0.5161458333333333 0.4041666666666667 0.0114583333333333 0.0316666666666666
4 0.5630208333333333 0.4425 0.0177083333333333 0.035
4 0.5640625 0.4541666666666667 0.015625 0.0283333333333333
4 0.5963541666666666 0.4416666666666667 0.0177083333333333 0.0266666666666666
4 0.5979166666666667 0.4366666666666667 0.0104166666666666 0.0366666666666666