3 0.5203125 0.3108333333333333 0.0322916666666666 0.0916666666666666
2 0.42109375 0.5320833333333334 0.0338541666666666 0.1225
2 0.6276041666666666 0.6379166666666667 0.1416666666666666 0.7141666666666667
3 0.0171875 0.35 0.0333333333333333 0.0866666666666666
2 0.0614583333333333 0.5700000000000001 0.0479166666666666 0.1166666666666666
2 0.090625 0.55 0.0875 0.1366666666666667
2 0.0932291666666666 0.5575 0.084375 0.1316666666666666
2 0.0765625 0.5591666666666667 0.0260416666666666 0.0916666666666666
2 0.1156249999999999 0.5366666666666667 0.0229166666666666 0.11
2 0.1171875 0.5516666666666667 0.0260416666666666 0.12
2 0.1552083333333333 0.5483333333333333 0.0375 0.1333333333333333
2 0.1947916666666666 0.5491666666666667 0.04375 0.1216666666666666
1 0.2817708333333333 0.5366666666666667 0.0447916666666666 0.06
2 0.6723958333333333 0.355 0.0385416666666666 0.1466666666666666
2 0.7723958333333333 0.545 0.2322916666666666 0.89
2 0.9609375 0.5758333333333334 0.0739583333333333 0.515