6 0.0703125 0.4641666666666666 0.0177083333333333 0.0416666666666666
7 0.071875 0.4758333333333334 0.01875 0.055
1 0.2302083333333333 0.5758333333333334 0.075 0.1216666666666666
6 0.3338541666666667 0.365 0.021875 0.0466666666666666
7 0.3359375 0.3675 0.015625 0.0483333333333333
4 0.4166666666666667 0.3733333333333333 0.01875 0.03
4 0.4197916666666667 0.3658333333333333 0.0208333333333333 0.0483333333333333
4 0.5473958333333333 0.45 0.0239583333333333 0.05
4 0.5489583333333333 0.455 0.0145833333333333 0.0333333333333333
1 0.7135416666666666 0.52 0.11875 0.0733333333333333
4 0.6822916666666666 0.3691666666666667 0.0270833333333333 0.0883333333333333
4 0.6828125 0.3891666666666667 0.0260416666666666 0.0383333333333333
1 0.8630208333333333 0.515 0.071875 0.0633333333333333