2 0.41640625 0.51875 0.0088541666666666 0.0541666666666666
2 0.4333333333333333 0.5233333333333333 0.0072916666666666 0.045
2 0.44765625 0.5229166666666667 0.0109375 0.0458333333333333
2 0.4783854166666667 0.5145833333333334 0.0151041666666666 0.0558333333333333
2 0.153125 0.53 0.0291666666666666 0.0966666666666666
2 0.1901041666666666 0.5291666666666667 0.028125 0.095
2 0.1921875 0.5283333333333333 0.0239583333333333 0.1033333333333333
2 0.271875 0.5466666666666667 0.0395833333333333 0.1333333333333333
2 0.2848958333333333 0.545 0.021875 0.13
1 0.3630208333333333 0.5225000000000001 0.1114583333333333 0.0683333333333333
2 0.5338541666666666 0.5483333333333333 0.028125 0.1233333333333333
2 0.5770833333333333 0.5325000000000001 0.0333333333333333 0.145
1 0.659375 0.5008333333333334 0.1041666666666666 0.0783333333333333
2 0.9276041666666668 0.5925 0.053125 0.4583333333333333