10 0.1645833333333333 0.5083333333333334 0.1104166666666666 0.1133333333333333
1 0.2625 0.5441666666666667 0.1 0.1116666666666666
7 0.365625 0.3175 0.0145833333333333 0.045
10 0.5026041666666666 0.4766666666666667 0.1114583333333333 0.0933333333333333
6 0.4578125 0.3358333333333334 0.015625 0.0483333333333333
6 0.4578125 0.3366666666666666 0.0135416666666666 0.0466666666666666
1 0.5875 0.5283333333333333 0.13125 0.18
6 0.5817708333333333 0.4141666666666667 0.0114583333333333 0.025
6 0.584375 0.4116666666666667 0.0104166666666666 0.0233333333333333
6 0.7760416666666666 0.3075 0.0229166666666666 0.0783333333333333
6 0.778125 0.3116666666666667 0.0208333333333333 0.09
2 0.8916666666666666 0.505 0.0395833333333333 0.1266666666666666
2 0.8911458333333333 0.5058333333333334 0.0385416666666666 0.115