1 0.1046875 0.455 0.1635416666666666 0.2233333333333333
1 0.3005208333333333 0.4916666666666667 0.0322916666666666 0.0466666666666666
5 0.3411458333333333 0.4508333333333333 0.0760416666666666 0.1083333333333333
3 0.3744791666666666 0.4266666666666667 0.0177083333333333 0.0333333333333333
3 0.3958333333333333 0.4233333333333333 0.0145833333333333 0.0266666666666666
1 0.4364583333333333 0.4933333333333333 0.03125 0.0433333333333333
3 0.4338541666666666 0.4216666666666667 0.015625 0.03
3 0.4583333333333333 0.4266666666666667 0.0145833333333333 0.0333333333333333
3 0.509375 0.455 0.0125 0.0266666666666666
1 0.8348958333333333 0.4933333333333333 0.071875 0.0633333333333333
1 0.9151041666666666 0.5041666666666667 0.0552083333333333 0.0483333333333333