3 0.0654296875 0.0673828125 0.076171875 0.125
1 0.125 0.5126953125 0.09765625 0.044921875
1 0.23046875 0.5087890625 0.0810546875 0.0869140625
1 0.3330078125 0.51171875 0.0771484375 0.0830078125
1 0.474609375 0.4951171875 0.02734375 0.037109375
3 0.5732421875 0.0302734375 0.0283203125 0.056640625
3 0.56640625 0.3642578125 0.013671875 0.0419921875
3 0.6533203125 0.3583984375 0.0166015625 0.0498046875
3 0.65234375 0.357421875 0.009765625 0.0380859375
3 0.728515625 0.4189453125 0.013671875 0.0478515625
3 0.8017578125 0.0771484375 0.0283203125 0.08984375