1 0.0634765625 0.5419921875 0.05078125 0.0537109375
1 0.1162109375 0.5087890625 0.048828125 0.03125
1 0.1728515625 0.5087890625 0.0400390625 0.0302734375
1 0.2138671875 0.4970703125 0.029296875 0.03515625
1 0.228515625 0.525390625 0.0400390625 0.046875
5 0.2646484375 0.501953125 0.03515625 0.0634765625
1 0.3017578125 0.5283203125 0.0634765625 0.0634765625
1 0.3798828125 0.5048828125 0.025390625 0.033203125
3 0.419921875 0.427734375 0.0126953125 0.0283203125
3 0.46875 0.470703125 0.0107421875 0.03515625
3 0.482421875 0.466796875 0.01171875 0.0302734375
1 0.51171875 0.50390625 0.0283203125 0.03125