1 0.0322265625 0.4716796875 0.03125 0.056640625
1 0.0654296875 0.4736328125 0.037109375 0.037109375
1 0.1025390625 0.4765625 0.05078125 0.0400390625
1 0.177734375 0.4677734375 0.05859375 0.068359375
1 0.2353515625 0.46875 0.0458984375 0.0537109375
3 0.412109375 0.3125 0.01953125 0.0478515625
4 0.4130859375 0.3125 0.01953125 0.044921875
1 0.498046875 0.509765625 0.099609375 0.126953125
3 0.50390625 0.310546875 0.0244140625 0.044921875
3 0.505859375 0.3095703125 0.0166015625 0.0498046875
3 0.607421875 0.3232421875 0.0185546875 0.046875
3 0.60546875 0.326171875 0.0146484375 0.044921875
3 0.6904296875 0.39453125 0.021484375 0.044921875
3 0.689453125 0.3916015625 0.0166015625 0.0498046875
3 0.83984375 0.3125 0.01953125 0.0751953125
3 0.845703125 0.3076171875 0.01953125 0.0654296875