2 0.8481770833333333 0.4629166666666667 0.0098958333333333 0.0408333333333333
1 0.2692708333333333 0.4666666666666667 0.0489583333333333 0.0766666666666666
1 0.390625 0.4966666666666667 0.0354166666666666 0.0466666666666666
3 0.4125 0.36 0.0166666666666666 0.0466666666666666
3 0.4151041666666666 0.3616666666666667 0.0177083333333333 0.05
1 0.4880208333333333 0.49 0.0239583333333333 0.0333333333333333
3 0.5067708333333333 0.3708333333333333 0.0197916666666666 0.045
3 0.6036458333333333 0.4275 0.015625 0.0383333333333333
2 0.6484375 0.4783333333333334 0.021875 0.07
2 0.6510416666666666 0.4866666666666667 0.0145833333333333 0.0766666666666666
2 0.8723958333333334 0.4708333333333334 0.0197916666666666 0.055
2 0.8796875 0.4733333333333334 0.0239583333333333 0.0633333333333333