1 0.134375 0.5466666666666667 0.1395833333333333 0.1033333333333333
1 0.2583333333333333 0.5241666666666667 0.0416666666666666 0.0616666666666666
1 0.3463541666666667 0.545 0.1052083333333333 0.1233333333333333
4 0.3260416666666667 0.3433333333333334 0.01875 0.05
4 0.3265625 0.345 0.015625 0.05
3 0.4151041666666666 0.3491666666666667 0.015625 0.045
3 0.4171875 0.3525 0.0177083333333333 0.0516666666666666
1 0.5104166666666666 0.5333333333333333 0.0708333333333333 0.1433333333333333
3 0.4911458333333333 0.3716666666666667 0.015625 0.05
3 0.4953125 0.3716666666666667 0.0135416666666666 0.0466666666666666
1 0.5958333333333333 0.5675 0.1645833333333333 0.1916666666666666
3 0.5875 0.44 0.0208333333333333 0.0566666666666666
3 0.5901041666666667 0.4275 0.015625 0.0416666666666666
1 0.7479166666666667 0.505 0.16875 0.19