1 0.190625 0.5383333333333333 0.0708333333333333 0.0466666666666666
1 0.4156249999999999 0.5316666666666667 0.0458333333333333 0.0533333333333333
4 0.4286458333333333 0.2766666666666666 0.0197916666666666 0.05
4 0.428125 0.2733333333333334 0.0166666666666666 0.0466666666666666
1 0.5151041666666667 0.505 0.0677083333333333 0.12
5 0.5130208333333334 0.5066666666666667 0.0614583333333333 0.1133333333333333
3 0.5416666666666666 0.2675 0.0229166666666666 0.0716666666666666
3 0.5411458333333333 0.265 0.0197916666666666 0.0566666666666666
1 0.6395833333333333 0.5141666666666667 0.0375 0.045
0 0.6515625 0.525 0.021875 0.0633333333333333
3 0.7161458333333334 0.4075 0.021875 0.0716666666666666
3 0.7161458333333334 0.4008333333333334 0.0135416666666666 0.045