2 0.1296875 0.5283333333333333 0.021875 0.08
2 0.1322916666666666 0.525 0.025 0.0833333333333333
2 0.2114583333333333 0.525 0.0145833333333333 0.0666666666666666
2 0.2260416666666666 0.525 0.0166666666666666 0.0666666666666666
2 0.2276041666666666 0.525 0.0135416666666666 0.0633333333333333
0 0.2546875 0.5233333333333333 0.0197916666666666 0.0566666666666666
2 0.2838541666666667 0.5858333333333333 0.0427083333333333 0.275
2 0.3192708333333333 0.6000000000000001 0.096875 0.32
2 0.3796875 0.5691666666666667 0.0864583333333333 0.325
2 0.4901041666666667 0.5858333333333333 0.0697916666666666 0.2683333333333333
1 0.5729166666666666 0.495 0.1104166666666666 0.0933333333333333
1 0.6635416666666667 0.4941666666666667 0.1041666666666666 0.0783333333333333