1 0.0588541666666666 0.4883333333333333 0.034375 0.05
4 0.096875 0.3716666666666667 0.01875 0.0433333333333333
3 0.1 0.3633333333333333 0.01875 0.0366666666666666
3 0.1583333333333333 0.3666666666666667 0.01875 0.0333333333333333
3 0.1572916666666666 0.3741666666666667 0.0145833333333333 0.0416666666666666
1 0.1791666666666666 0.4825 0.0291666666666666 0.0483333333333333
1 0.20625 0.4891666666666667 0.0604166666666666 0.065
3 0.2322916666666666 0.425 0.0145833333333333 0.03
3 0.2354166666666666 0.4275 0.0145833333333333 0.0316666666666666
1 0.2572916666666666 0.485 0.0270833333333333 0.0633333333333333
1 0.2885416666666666 0.4875 0.0583333333333333 0.0816666666666666
1 0.4291666666666666 0.49 0.06875 0.08
1 0.5807291666666666 0.51 0.128125 0.1566666666666666
1 0.6671875 0.5466666666666667 0.146875 0.2566666666666667
1 0.8645833333333334 0.6058333333333333 0.2666666666666666 0.325