1 0.1255208333333333 0.5916666666666667 0.2052083333333333 0.2166666666666666
1 0.2932291666666666 0.5466666666666667 0.0614583333333333 0.08
1 0.378125 0.5458333333333334 0.0520833333333333 0.0616666666666666
4 0.3677083333333333 0.335 0.025 0.0666666666666666
4 0.4322916666666667 0.3825 0.0270833333333333 0.0783333333333333
3 0.4322916666666667 0.3833333333333333 0.0166666666666666 0.05
1 0.4848958333333333 0.5283333333333333 0.0177083333333333 0.0566666666666666
1 0.5484375 0.5275000000000001 0.0197916666666666 0.0683333333333333
3 0.59375 0.3116666666666667 0.03125 0.0966666666666666
1 0.7223958333333333 0.6008333333333333 0.2447916666666666 0.235
2 0.8156249999999999 0.5325000000000001 0.0229166666666666 0.065
3 0.8296875 0.4425 0.021875 0.0683333333333333
3 0.871875 0.4375 0.0104166666666666 0.0483333333333333