1 0.9518229166666666 0.5416666666666667 0.0953125 0.1966666666666666
2 0.1156249999999999 0.5533333333333333 0.0395833333333333 0.1333333333333333
2 0.13125 0.5483333333333333 0.0166666666666666 0.1333333333333333
2 0.16875 0.5266666666666667 0.025 0.0833333333333333
2 0.1692708333333333 0.5283333333333333 0.021875 0.08
2 0.2432291666666666 0.53 0.0302083333333333 0.12
0 0.2614583333333333 0.5225000000000001 0.0270833333333333 0.0716666666666666
0 0.2635416666666667 0.5216666666666667 0.0125 0.0633333333333333
0 0.2869791666666667 0.5216666666666667 0.0197916666666666 0.0566666666666666
1 0.3489583333333333 0.5166666666666667 0.04375 0.0433333333333333
1 0.409375 0.5191666666666667 0.10625 0.065
2 0.4619791666666666 0.5466666666666667 0.0302083333333333 0.11
2 0.4973958333333333 0.5291666666666667 0.034375 0.1416666666666666
2 0.6296875 0.6083333333333334 0.1239583333333333 0.4333333333333333
2 0.6401041666666667 0.5683333333333334 0.0552083333333333 0.3433333333333334
2 0.6401041666666667 0.5758333333333334 0.0447916666666666 0.3483333333333333
2 0.6984375 0.5816666666666667 0.0947916666666666 0.46
2 0.7963541666666667 0.5875 0.0864583333333333 0.3716666666666667