1 0.0338541666666666 0.5366666666666667 0.0677083333333333 0.1533333333333333
1 0.284375 0.5916666666666667 0.3291666666666666 0.4233333333333333
3 0.3182291666666667 0.3291666666666666 0.0177083333333333 0.0516666666666666
3 0.4140625 0.3258333333333333 0.0177083333333333 0.045
3 0.4916666666666666 0.3258333333333333 0.0166666666666666 0.0516666666666666
1 0.5390625 0.525 0.0322916666666666 0.05
1 0.690625 0.5625 0.1541666666666666 0.1716666666666667
2 0.6302083333333334 0.5166666666666667 0.0145833333333333 0.04
3 0.6796875 0.4158333333333333 0.015625 0.045
5 0.8505208333333333 0.48 0.1822916666666666 0.13
3 0.9328125 0.2508333333333333 0.0489583333333333 0.1516666666666666
2 0.953125 0.5433333333333333 0.0291666666666666 0.12