2 0.0598958333333333 0.5958333333333333 0.028125 0.17
2 0.08125 0.5866666666666667 0.0447916666666666 0.1633333333333333
2 0.1598958333333333 0.5825 0.0322916666666666 0.2083333333333333
3 0.1729166666666666 0.4183333333333333 0.0208333333333333 0.0666666666666666
2 0.1822916666666666 0.5775 0.0270833333333333 0.205
2 0.209375 0.5741666666666667 0.025 0.1716666666666667
2 0.2182291666666666 0.6025 0.009375 0.1383333333333333
2 0.24375 0.5675 0.0375 0.2183333333333333
2 0.24375 0.5625 0.025 0.195
2 0.2994791666666667 0.5750000000000001 0.0364583333333333 0.2
2 0.3239583333333333 0.5625 0.0208333333333333 0.185
2 0.3572916666666667 0.5700000000000001 0.03125 0.22
1 0.3947916666666666 0.5166666666666667 0.0333333333333333 0.0466666666666666
2 0.475 0.5325000000000001 0.0291666666666666 0.095
1 0.5088541666666666 0.5316666666666667 0.0427083333333333 0.0666666666666666
2 0.5708333333333333 0.5558333333333334 0.0333333333333333 0.2083333333333333
3 0.5744791666666667 0.3958333333333333 0.0197916666666666 0.0616666666666666
2 0.5776041666666667 0.5516666666666667 0.0260416666666666 0.19
2 0.6 0.5533333333333333 0.0520833333333333 0.1966666666666666
2 0.6385416666666667 0.5475 0.05 0.1783333333333333
2 0.6385416666666667 0.5433333333333333 0.0333333333333333 0.17
2 0.8661458333333333 0.455 0.0260416666666666 0.0766666666666666