0 0.123046875 0.501953125 0.0556640625 0.09375
0 0.1220703125 0.4951171875 0.0400390625 0.0634765625
4 0.1845703125 0.416015625 0.013671875 0.03125
4 0.1865234375 0.41796875 0.013671875 0.0400390625
4 0.3447265625 0.35546875 0.0185546875 0.04296875
4 0.3427734375 0.3505859375 0.013671875 0.03515625
1 0.3583984375 0.4775390625 0.0224609375 0.044921875
1 0.404296875 0.4775390625 0.109375 0.0517578125
3 0.41015625 0.33984375 0.0166015625 0.0498046875
3 0.4091796875 0.33984375 0.009765625 0.037109375
3 0.515625 0.40625 0.0166015625 0.044921875
3 0.5146484375 0.4091796875 0.0126953125 0.0419921875
3 0.5478515625 0.33984375 0.0185546875 0.0498046875
1 0.669921875 0.4580078125 0.115234375 0.0703125
2 0.67578125 0.484375 0.03515625 0.1181640625