1 0.046875 0.5439453125 0.09375 0.169921875
4 0.25 0.337890625 0.0166015625 0.046875
3 0.25390625 0.33203125 0.0185546875 0.0302734375
1 0.4853515625 0.650390625 0.3994140625 0.4736328125
4 0.3076171875 0.33203125 0.01953125 0.0517578125
3 0.310546875 0.3251953125 0.0185546875 0.0302734375
3 0.3896484375 0.3359375 0.0146484375 0.044921875
3 0.44921875 0.3369140625 0.0205078125 0.046875
3 0.5693359375 0.392578125 0.0185546875 0.03515625
1 0.8388671875 0.4814453125 0.1396484375 0.0732421875
1 0.9599609375 0.6396484375 0.0771484375 0.296875