2 0.970703125 0.5263671875 0.0576171875 0.2265625
1 0.126953125 0.52734375 0.068359375 0.0419921875
1 0.1982421875 0.51953125 0.046875 0.0517578125
1 0.2578125 0.5380859375 0.0634765625 0.0703125
1 0.294921875 0.533203125 0.0302734375 0.046875
4 0.3583984375 0.3720703125 0.0166015625 0.04296875
3 0.3583984375 0.37109375 0.01171875 0.03515625
3 0.4150390625 0.37109375 0.01171875 0.0380859375
1 0.455078125 0.54296875 0.0361328125 0.1318359375
1 0.501953125 0.521484375 0.0322265625 0.046875
3 0.5029296875 0.4404296875 0.0107421875 0.0283203125
3 0.517578125 0.4228515625 0.0126953125 0.04296875