1 0.0786458333333333 0.515 0.040625 0.0466666666666666
1 0.1328125 0.5066666666666667 0.0364583333333333 0.04
1 0.1489583333333333 0.4975 0.0270833333333333 0.0383333333333333
5 0.2239583333333333 0.505 0.1020833333333333 0.18
4 0.2927083333333333 0.44 0.0166666666666666 0.04
1 0.3416666666666667 0.5116666666666667 0.0479166666666666 0.0866666666666666
1 0.35625 0.4566666666666667 0.01875 0.02
1 0.4369791666666666 0.4675 0.028125 0.035
3 0.4520833333333333 0.3441666666666667 0.0166666666666666 0.0483333333333333
3 0.4515625 0.3466666666666667 0.0135416666666666 0.0466666666666666
1 0.4723958333333333 0.4825 0.0302083333333333 0.0283333333333333
3 0.546875 0.4175 0.0125 0.035
1 0.6442708333333333 0.4933333333333333 0.0927083333333333 0.0433333333333333