1 0.0185546875 0.5341796875 0.037109375 0.087890625
3 0.099609375 0.27734375 0.0185546875 0.068359375
1 0.208984375 0.5205078125 0.0244140625 0.03125
3 0.2705078125 0.369140625 0.01953125 0.0546875
1 0.3642578125 0.5869140625 0.19921875 0.2236328125
3 0.3349609375 0.3173828125 0.0166015625 0.0478515625
3 0.380859375 0.4140625 0.01171875 0.025390625
3 0.4150390625 0.4404296875 0.0146484375 0.033203125
1 0.4560546875 0.5146484375 0.03125 0.04296875
3 0.5 0.400390625 0.0185546875 0.037109375
1 0.578125 0.51953125 0.033203125 0.0419921875
5 0.6962890625 0.509765625 0.0712890625 0.0966796875
5 0.70703125 0.513671875 0.07421875 0.0966796875
1 0.7841796875 0.544921875 0.1123046875 0.103515625
3 0.7646484375 0.4111328125 0.017578125 0.0517578125
3 0.798828125 0.3583984375 0.0166015625 0.04296875
1 0.974609375 0.6376953125 0.0419921875 0.2021484375