1 0.8815104166666666 0.6000000000000001 0.2359375 0.3066666666666667
1 0.0869791666666666 0.5 0.0364583333333333 0.0366666666666666
3 0.1041666666666666 0.3766666666666667 0.01875 0.05
4 0.1140625 0.3891666666666667 0.015625 0.0383333333333333
3 0.1666666666666666 0.3875 0.0166666666666666 0.035
3 0.1666666666666666 0.39 0.0145833333333333 0.0366666666666666
1 0.2276041666666666 0.4825 0.046875 0.0483333333333333
3 0.2526041666666667 0.4441666666666667 0.0135416666666666 0.0316666666666666
1 0.3395833333333333 0.4933333333333333 0.0229166666666666 0.0433333333333333
3 0.4822916666666667 0.4141666666666667 0.01875 0.0383333333333333
3 0.4822916666666667 0.41 0.0104166666666666 0.0366666666666666
1 0.5848958333333333 0.505 0.1239583333333333 0.1566666666666666