5 0.0640625 0.505 0.1239583333333333 0.08
2 0.1302083333333333 0.525 0.0270833333333333 0.0766666666666666
2 0.1890625 0.5183333333333333 0.021875 0.08
3 0.3651041666666667 0.1925 0.0260416666666666 0.075
3 0.5927083333333333 0.3458333333333334 0.025 0.075
3 0.5947916666666666 0.3433333333333334 0.0166666666666666 0.0633333333333333
2 0.6265625 0.5058333333333334 0.0239583333333333 0.095
2 0.6880208333333333 0.5066666666666667 0.028125 0.1033333333333333
2 0.7765625 0.5216666666666667 0.0489583333333333 0.1766666666666666
2 0.7760416666666666 0.515 0.0354166666666666 0.1466666666666666
3 0.8880208333333334 0.1016666666666666 0.0885416666666666 0.2033333333333333
2 0.8770833333333333 0.51 0.04375 0.1633333333333333