4 0.346875 0.41 0.0208333333333333 0.04
4 0.346875 0.4316666666666667 0.01875 0.07
1 0.4109375 0.5941666666666667 0.096875 0.2416666666666666
3 0.4760416666666666 0.3525 0.025 0.0616666666666666
3 0.4744791666666667 0.3533333333333333 0.015625 0.0466666666666666
1 0.5104166666666666 0.5366666666666667 0.03125 0.04
3 0.5255208333333333 0.4316666666666667 0.0177083333333333 0.0533333333333333
2 0.6192708333333333 0.5291666666666667 0.015625 0.075
2 0.6302083333333334 0.5375000000000001 0.0145833333333333 0.085
2 0.6286458333333333 0.525 0.009375 0.0666666666666666
3 0.7057291666666666 0.3108333333333333 0.0322916666666666 0.1083333333333333
1 0.9265625 0.5508333333333334 0.065625 0.085