5 0.0609375 0.5108333333333334 0.121875 0.0483333333333333
2 0.0348958333333333 0.5650000000000001 0.0260416666666666 0.09
2 0.0354166666666666 0.5650000000000001 0.0208333333333333 0.0966666666666666
3 0.353125 0.1841666666666666 0.0354166666666666 0.085
1 0.5322916666666666 0.5366666666666667 0.1166666666666666 0.0733333333333333
3 0.6026041666666666 0.3508333333333333 0.028125 0.0883333333333333
3 0.6057291666666667 0.3483333333333333 0.0177083333333333 0.0733333333333333
2 0.6895833333333333 0.5341666666666667 0.0375 0.145
2 0.7604166666666666 0.5358333333333334 0.0291666666666666 0.145
2 0.7916666666666666 0.535 0.03125 0.1466666666666666
2 0.8322916666666667 0.5316666666666667 0.0375 0.1633333333333333
2 0.8317708333333333 0.5308333333333334 0.0322916666666666 0.1583333333333333
2 0.8869791666666667 0.5141666666666667 0.046875 0.1883333333333333