5 0.1473958333333333 0.5083333333333334 0.1156249999999999 0.1233333333333333
5 0.1567708333333333 0.5041666666666667 0.109375 0.1316666666666666
1 0.2328125 0.5508333333333334 0.1197916666666666 0.135
1 0.3046875 0.5466666666666667 0.0385416666666666 0.0566666666666666
4 0.3619791666666667 0.3025 0.0135416666666666 0.0516666666666666
5 0.5125 0.4758333333333334 0.13125 0.0916666666666666
3 0.4588541666666667 0.325 0.0135416666666666 0.0466666666666666
3 0.4598958333333333 0.3275 0.015625 0.0483333333333333
1 0.6234375 0.5341666666666667 0.1739583333333333 0.2316666666666667
3 0.5911458333333334 0.4058333333333334 0.0114583333333333 0.025
3 0.59375 0.4091666666666667 0.0125 0.0283333333333333
1 0.8244791666666667 0.6158333333333333 0.346875 0.3516666666666667
3 0.8312499999999999 0.2725 0.0229166666666666 0.0783333333333333
3 0.8322916666666667 0.2908333333333333 0.0229166666666666 0.1116666666666666