2 0.021875 0.555 0.03125 0.1366666666666667
1 0.0416666666666666 0.5475 0.0333333333333333 0.1216666666666666
2 0.040625 0.55 0.0166666666666666 0.1333333333333333
2 0.1520833333333333 0.5283333333333333 0.025 0.0833333333333333
2 0.1526041666666666 0.5266666666666667 0.021875 0.08
2 0.2265625 0.5225000000000001 0.0177083333333333 0.065
2 0.2416666666666666 0.5266666666666667 0.0166666666666666 0.0666666666666666
2 0.2442708333333333 0.5266666666666667 0.0135416666666666 0.0633333333333333
0 0.2713541666666667 0.525 0.0197916666666666 0.0566666666666666
0 0.284375 0.5225000000000001 0.0270833333333333 0.0716666666666666
0 0.284375 0.5216666666666667 0.01875 0.0666666666666666
2 0.3140625 0.5266666666666667 0.0302083333333333 0.12
2 0.4317708333333333 0.5966666666666667 0.109375 0.3566666666666667
2 0.4270833333333333 0.5750000000000001 0.0416666666666666 0.3
2 0.4880208333333333 0.5683333333333334 0.084375 0.37
1 0.60625 0.5591666666666667 0.3145833333333333 0.2016666666666667
2 0.5755208333333334 0.5850000000000001 0.078125 0.3033333333333333