4 0.3466796875 0.41015625 0.0205078125 0.0400390625
4 0.3466796875 0.431640625 0.0185546875 0.0703125
1 0.4111328125 0.59375 0.0966796875 0.2412109375
3 0.4755859375 0.3525390625 0.025390625 0.0615234375
3 0.474609375 0.353515625 0.015625 0.046875
1 0.5107421875 0.537109375 0.03125 0.0400390625
3 0.525390625 0.431640625 0.017578125 0.0537109375
2 0.6572265625 0.52734375 0.015625 0.0751953125
2 0.677734375 0.5283203125 0.01953125 0.0830078125
2 0.677734375 0.5263671875 0.0126953125 0.0634765625
3 0.7060546875 0.310546875 0.0322265625 0.1083984375
1 0.9267578125 0.55078125 0.0654296875 0.0849609375