1 0.2026041666666666 0.5283333333333333 0.153125 0.1333333333333333
3 0.3291666666666666 0.4066666666666667 0.0395833333333333 0.12
3 0.328125 0.3958333333333333 0.0270833333333333 0.095
1 0.5765625 0.4983333333333333 0.0760416666666666 0.0466666666666666
1 0.5609375 0.4875 0.0322916666666666 0.0483333333333333
4 0.5791666666666666 0.1625 0.0229166666666666 0.055
4 0.584375 0.1608333333333333 0.01875 0.0616666666666666
3 0.5932291666666667 0.3775 0.015625 0.0383333333333333
3 0.5973958333333333 0.385 0.015625 0.0466666666666666
3 0.6692708333333334 0.3683333333333333 0.015625 0.04
3 0.66875 0.37 0.0145833333333333 0.04
1 0.8432291666666667 0.5608333333333334 0.3010416666666666 0.2483333333333333
3 0.7338541666666667 0.2116666666666666 0.021875 0.0633333333333333
3 0.734375 0.2083333333333333 0.01875 0.0566666666666666
3 0.7333333333333333 0.4266666666666667 0.0166666666666666 0.04
3 0.7338541666666667 0.42 0.0135416666666666 0.0266666666666666
3 0.9223958333333332 0.3533333333333333 0.0239583333333333 0.06
3 0.9208333333333332 0.3458333333333334 0.01875 0.0483333333333333
2 0.9921875 0.5108333333333334 0.0135416666666666 0.0783333333333333