3 0.0713541666666666 0.085 0.109375 0.1566666666666666
1 0.1765625 0.4983333333333333 0.0989583333333333 0.06
1 0.4151041666666666 0.495 0.0635416666666666 0.0666666666666666
1 0.4614583333333333 0.4966666666666667 0.0291666666666666 0.0333333333333333
3 0.5703125 0.0283333333333333 0.0260416666666666 0.0566666666666666
3 0.5661458333333333 0.3608333333333333 0.0135416666666666 0.0516666666666666
3 0.6526041666666667 0.3558333333333333 0.015625 0.0416666666666666
0 0.7182291666666667 0.4841666666666667 0.0197916666666666 0.0516666666666666
3 0.7255208333333333 0.4125 0.015625 0.045
3 0.8005208333333333 0.0741666666666666 0.0260416666666666 0.0916666666666666
1 0.9614583333333332 0.495 0.0666666666666666 0.14