5 0.0385416666666666 0.4858333333333333 0.0770833333333333 0.0916666666666666
1 0.090625 0.5025000000000001 0.0604166666666666 0.0383333333333333
1 0.2312499999999999 0.4975 0.0520833333333333 0.0483333333333333
1 0.33125 0.4941666666666667 0.0354166666666666 0.035
1 0.4078124999999999 0.4875 0.0385416666666666 0.0483333333333333
3 0.4713541666666667 0.3975 0.0114583333333333 0.035
3 0.5109375 0.395 0.015625 0.0333333333333333
3 0.5958333333333333 0.4433333333333333 0.0145833333333333 0.03
3 0.628125 0.4341666666666667 0.0125 0.0383333333333333
1 0.6588541666666666 0.49 0.071875 0.0833333333333333
5 0.7864583333333334 0.4741666666666667 0.1958333333333333 0.2183333333333333
1 0.8432291666666667 0.5008333333333334 0.3052083333333333 0.2716666666666666