1 0.15 0.525 0.0958333333333333 0.0833333333333333
3 0.2838541666666667 0.1325 0.0302083333333333 0.085
3 0.4192708333333333 0.1875 0.0385416666666666 0.0516666666666666
3 0.4171875 0.1691666666666667 0.0239583333333333 0.095
1 0.5421875 0.4941666666666667 0.0302083333333333 0.0583333333333333
2 0.5958333333333333 0.4941666666666667 0.01875 0.0616666666666666
2 0.5963541666666666 0.4983333333333333 0.015625 0.06
1 0.6208333333333333 0.5033333333333334 0.0354166666666666 0.0466666666666666
1 0.6755208333333333 0.5083333333333334 0.0489583333333333 0.07
1 0.7276041666666666 0.4975 0.0802083333333333 0.0916666666666666
3 0.7052083333333333 0.3358333333333334 0.0333333333333333 0.075
3 0.70625 0.35 0.0333333333333333 0.0633333333333333
1 0.7932291666666667 0.4891666666666667 0.053125 0.055
1 0.8317708333333333 0.49 0.0322916666666666 0.0666666666666666
1 0.8848958333333333 0.4866666666666667 0.0802083333333333 0.0666666666666666