1 0.0828125 0.5433333333333333 0.0260416666666666 0.03
1 0.225 0.5383333333333333 0.0458333333333333 0.0633333333333333
3 0.265625 0.3791666666666667 0.0208333333333333 0.0516666666666666
4 0.2640625 0.3783333333333333 0.0135416666666666 0.0433333333333333
1 0.2682291666666667 0.515 0.0197916666666666 0.0266666666666666
1 0.325 0.5325000000000001 0.0125 0.0516666666666666
5 0.3515625 0.5183333333333333 0.059375 0.11
3 0.3546875 0.365 0.015625 0.0433333333333333
3 0.425 0.3658333333333333 0.0125 0.0483333333333333
3 0.7036458333333333 0.3675 0.021875 0.065
1 0.7744791666666666 0.5266666666666667 0.103125 0.0566666666666666