1 0.115234375 0.5205078125 0.0361328125 0.087890625
1 0.193359375 0.52734375 0.0673828125 0.0615234375
2 0.1748046875 0.515625 0.017578125 0.0849609375
1 0.2587890625 0.53125 0.046875 0.05859375
2 0.2822265625 0.51953125 0.0224609375 0.0947265625
2 0.2822265625 0.517578125 0.0205078125 0.0986328125
2 0.3037109375 0.515625 0.025390625 0.111328125
0 0.4130859375 0.5263671875 0.021484375 0.0703125
2 0.4111328125 0.53125 0.015625 0.06640625
2 0.4150390625 0.5263671875 0.0107421875 0.0537109375
1 0.548828125 0.537109375 0.091796875 0.0634765625
2 0.5380859375 0.51953125 0.0283203125 0.1220703125
1 0.79296875 0.5498046875 0.41015625 0.216796875