1 0.0166015625 0.533203125 0.029296875 0.046875
3 0.060546875 0.4541015625 0.0205078125 0.0419921875
4 0.0625 0.4658203125 0.0166015625 0.0478515625
1 0.1572265625 0.5263671875 0.0419921875 0.0498046875
1 0.220703125 0.513671875 0.0458984375 0.0537109375
4 0.21484375 0.3720703125 0.0185546875 0.0546875
1 0.2802734375 0.513671875 0.052734375 0.0703125
3 0.2861328125 0.3671875 0.0166015625 0.044921875
3 0.5908203125 0.38671875 0.033203125 0.0595703125
1 0.599609375 0.48046875 0.0478515625 0.0615234375
3 0.58984375 0.37890625 0.0263671875 0.0849609375
2 0.666015625 0.4794921875 0.033203125 0.0546875
1 0.9384765625 0.66796875 0.12109375 0.3095703125