1 0.94375 0.5683333333333334 0.1114583333333333 0.135
1 0.134375 0.5466666666666667 0.0645833333333333 0.0633333333333333
1 0.2369791666666666 0.5425 0.0385416666666666 0.045
4 0.240625 0.2225 0.0229166666666666 0.1016666666666666
3 0.2458333333333333 0.2133333333333333 0.01875 0.0433333333333333
3 0.3880208333333333 0.2283333333333333 0.0197916666666666 0.0766666666666666
3 0.3895833333333333 0.2483333333333333 0.0166666666666666 0.0366666666666666
1 0.4401041666666667 0.52 0.0260416666666666 0.04
1 0.5364583333333334 0.5508333333333334 0.09375 0.1016666666666666
3 0.51875 0.245 0.0291666666666666 0.0733333333333333
3 0.5177083333333333 0.26 0.01875 0.04
1 0.6630208333333333 0.5358333333333334 0.053125 0.0783333333333333
1 0.7052083333333333 0.5391666666666667 0.0833333333333333 0.0716666666666666
3 0.7697916666666667 0.41 0.0208333333333333 0.0366666666666666
1 0.7713541666666667 0.3908333333333333 0.0197916666666666 0.0716666666666666