5 0.0609375 0.515 0.121875 0.0566666666666666
2 0.0453125 0.5566666666666668 0.0260416666666666 0.09
2 0.0453125 0.5566666666666668 0.021875 0.0833333333333333
1 0.2078124999999999 0.5666666666666667 0.128125 0.1066666666666666
3 0.353125 0.1841666666666666 0.0354166666666666 0.085
3 0.6026041666666666 0.3508333333333333 0.028125 0.0883333333333333
3 0.6057291666666667 0.3483333333333333 0.0177083333333333 0.0733333333333333
2 0.6864583333333333 0.5358333333333334 0.0375 0.145
2 0.7484375 0.54 0.0239583333333333 0.1466666666666666
2 0.771875 0.5358333333333334 0.025 0.1483333333333333
2 0.8312499999999999 0.5325000000000001 0.0395833333333333 0.165
2 0.8291666666666666 0.535 0.0333333333333333 0.1666666666666666
2 0.8932291666666666 0.52 0.0552083333333333 0.2