1 0.2239583333333333 0.5366666666666667 0.0458333333333333 0.0566666666666666
3 0.4151041666666666 0.4008333333333334 0.009375 0.0316666666666666
3 0.4166666666666667 0.3991666666666666 0.0104166666666666 0.0316666666666666
1 0.4505208333333333 0.5483333333333333 0.059375 0.0866666666666666
3 0.471875 0.4066666666666667 0.0104166666666666 0.0266666666666666
3 0.4713541666666667 0.4116666666666667 0.009375 0.0233333333333333
3 0.5260416666666666 0.4716666666666667 0.0125 0.03
3 0.528125 0.47 0.0104166666666666 0.0366666666666666
3 0.5442708333333334 0.4525 0.009375 0.035
3 0.5463541666666667 0.4533333333333333 0.009375 0.0333333333333333
2 0.5713541666666666 0.5416666666666667 0.0135416666666666 0.0866666666666666
2 0.5802083333333333 0.5408333333333334 0.0166666666666666 0.085
2 0.5864583333333333 0.5425 0.0104166666666666 0.0916666666666666
2 0.6010416666666667 0.5383333333333333 0.0166666666666666 0.0833333333333333
2 0.6015625 0.5366666666666667 0.0114583333333333 0.0866666666666666
2 0.6182291666666666 0.5291666666666667 0.0197916666666666 0.085
2 0.6197916666666666 0.5325000000000001 0.0104166666666666 0.0816666666666666