1 0.1223958333333333 0.545 0.1760416666666666 0.15
1 0.3260416666666667 0.495 0.0479166666666666 0.0666666666666666
3 0.384375 0.4441666666666667 0.0125 0.0316666666666666
3 0.3875 0.4416666666666667 0.0145833333333333 0.0333333333333333
1 0.51875 0.5008333333333334 0.1270833333333333 0.1683333333333333
3 0.50625 0.3908333333333333 0.01875 0.0316666666666666
3 0.5072916666666667 0.3875 0.0125 0.0316666666666666
3 0.5635416666666666 0.4383333333333333 0.0166666666666666 0.0266666666666666
3 0.5630208333333333 0.4416666666666667 0.0114583333333333 0.03
3 0.5744791666666667 0.4225 0.0177083333333333 0.0383333333333333
3 0.5770833333333333 0.4325 0.0125 0.0216666666666666
1 0.7088541666666667 0.5291666666666667 0.178125 0.195