1 0.205078125 0.55078125 0.0732421875 0.0478515625
1 0.2802734375 0.533203125 0.025390625 0.0400390625
4 0.3408203125 0.4208984375 0.0126953125 0.03125
1 0.3896484375 0.5400390625 0.0458984375 0.0498046875
3 0.3974609375 0.4189453125 0.0146484375 0.0380859375
3 0.4462890625 0.4345703125 0.013671875 0.0302734375
1 0.4873046875 0.54296875 0.060546875 0.078125
3 0.5068359375 0.4755859375 0.013671875 0.03515625
1 0.529296875 0.5283203125 0.0498046875 0.080078125
3 0.626953125 0.4541015625 0.0205078125 0.0517578125
3 0.62890625 0.4482421875 0.01953125 0.0498046875