1 0.190625 0.5783333333333334 0.1583333333333333 0.17
5 0.2817708333333333 0.4941666666666667 0.1364583333333333 0.225
1 0.4234374999999999 0.5191666666666667 0.084375 0.125
3 0.3932291666666667 0.37 0.015625 0.04
3 0.4609375 0.3816666666666667 0.0177083333333333 0.0466666666666666
3 0.4604166666666666 0.3691666666666667 0.0104166666666666 0.0316666666666666
5 0.5557291666666666 0.465 0.1239583333333333 0.2033333333333333
1 0.746875 0.4675 0.1208333333333333 0.075
1 0.7505208333333333 0.4641666666666666 0.1052083333333333 0.0783333333333333
2 0.7072916666666667 0.4866666666666667 0.0145833333333333 0.05
2 0.7234375 0.4925 0.0135416666666666 0.0583333333333333
2 0.7369791666666666 0.4866666666666667 0.0135416666666666 0.0533333333333333
2 0.7375 0.4841666666666667 0.0145833333333333 0.045