5 0.1302083333333333 0.4841666666666667 0.25625 0.6183333333333334
1 0.5 0.62 0.3229166666666667 0.43
4 0.3515625 0.3008333333333333 0.0197916666666666 0.0716666666666666
4 0.3536458333333333 0.2841666666666667 0.015625 0.0383333333333333
3 0.4734375 0.2408333333333333 0.0197916666666666 0.0683333333333333
3 0.6453125 0.365 0.0197916666666666 0.0433333333333333
0 0.6494791666666666 0.4866666666666667 0.0260416666666666 0.0966666666666666
1 0.7401041666666667 0.4833333333333333 0.1385416666666666 0.1066666666666666
1 0.8624999999999999 0.5900000000000001 0.2708333333333333 0.3466666666666667
3 0.9848958333333332 0.2283333333333333 0.0260416666666666 0.0833333333333333
3 0.9880208333333332 0.2041666666666667 0.021875 0.0416666666666666