2 0.0135416666666666 0.5308333333333334 0.0270833333333333 0.1916666666666666
2 0.0375 0.5233333333333333 0.0354166666666666 0.1833333333333333
1 0.0911458333333333 0.5033333333333334 0.0427083333333333 0.11
2 0.1395833333333333 0.505 0.0208333333333333 0.0766666666666666
2 0.18125 0.5 0.01875 0.0733333333333333
2 0.1880208333333333 0.5016666666666667 0.0260416666666666 0.0833333333333333
5 0.2057291666666666 0.4825 0.053125 0.085
2 0.1880208333333333 0.5083333333333334 0.0135416666666666 0.07
5 0.2755208333333333 0.4733333333333334 0.0489583333333333 0.1
5 0.2744791666666666 0.4725 0.0447916666666666 0.095
2 0.2854166666666666 0.4866666666666667 0.0166666666666666 0.0966666666666666
2 0.2911458333333333 0.4975 0.0135416666666666 0.095
2 0.2973958333333333 0.4891666666666667 0.015625 0.085
1 0.3177083333333333 0.5016666666666667 0.0395833333333333 0.0466666666666666
5 0.3286458333333333 0.4566666666666667 0.053125 0.09
5 0.328125 0.4658333333333334 0.0479166666666666 0.1116666666666666
2 0.5197916666666667 0.5783333333333334 0.0604166666666666 0.29
1 0.7421875 0.5391666666666667 0.4947916666666667 0.2916666666666667