1 0.0393229166666666 0.5650000000000001 0.0776041666666666 0.1066666666666666
1 0.1114583333333333 0.5383333333333333 0.0333333333333333 0.0533333333333333
1 0.2526041666666667 0.5291666666666667 0.0364583333333333 0.0516666666666666
1 0.3416666666666667 0.5625 0.1166666666666666 0.1616666666666666
4 0.325 0.3383333333333334 0.0208333333333333 0.05
4 0.325 0.3391666666666666 0.01875 0.0483333333333333
3 0.4166666666666667 0.3466666666666667 0.0166666666666666 0.06
3 0.4291666666666666 0.3441666666666667 0.01875 0.055
1 0.5229166666666667 0.5358333333333334 0.0708333333333333 0.1516666666666666
3 0.4994791666666666 0.3683333333333333 0.015625 0.05
3 0.4994791666666666 0.365 0.0135416666666666 0.0466666666666666
3 0.5979166666666667 0.435 0.0208333333333333 0.0566666666666666
3 0.5973958333333333 0.4258333333333333 0.015625 0.0416666666666666
1 0.8026041666666667 0.5333333333333333 0.2135416666666666 0.1966666666666666
1 0.9182291666666668 0.5958333333333333 0.159375 0.265