1 0.0161458333333333 0.5375000000000001 0.0260416666666666 0.0483333333333333
3 0.059375 0.4575 0.0208333333333333 0.0416666666666666
4 0.0604166666666666 0.4658333333333334 0.0166666666666666 0.0483333333333333
1 0.1322916666666666 0.525 0.0520833333333333 0.0766666666666666
1 0.1791666666666666 0.53 0.025 0.0366666666666666
4 0.2114583333333333 0.3675 0.01875 0.055
1 0.2510416666666666 0.5216666666666667 0.0229166666666666 0.0433333333333333
1 0.2765625 0.5216666666666667 0.046875 0.07
3 0.2890625 0.3716666666666667 0.0177083333333333 0.05
1 0.3041666666666666 0.52 0.0229166666666666 0.0633333333333333
1 0.3302083333333333 0.5116666666666667 0.0520833333333333 0.0666666666666666
3 0.384375 0.4475 0.0166666666666666 0.0483333333333333
3 0.3864583333333333 0.4516666666666667 0.0145833333333333 0.03
1 0.5864583333333333 0.555 0.1166666666666666 0.1
1 0.603125 0.4883333333333333 0.0833333333333333 0.0466666666666666
3 0.6072916666666667 0.4016666666666666 0.0333333333333333 0.06
3 0.6119791666666666 0.3741666666666667 0.0260416666666666 0.085