1 0.0463541666666666 0.5441666666666667 0.0927083333333333 0.1683333333333333
4 0.25 0.3383333333333334 0.0166666666666666 0.0466666666666666
3 0.2541666666666666 0.3316666666666666 0.01875 0.03
1 0.4848958333333333 0.65 0.3989583333333333 0.4733333333333334
4 0.3078125 0.3325 0.0197916666666666 0.0516666666666666
3 0.3104166666666667 0.325 0.01875 0.03
3 0.390625 0.3358333333333334 0.0145833333333333 0.045
3 0.4489583333333333 0.335 0.0208333333333333 0.0466666666666666
3 0.5697916666666667 0.3925 0.01875 0.035
1 0.8119791666666667 0.4875 0.0802083333333333 0.0783333333333333
1 0.9119791666666668 0.4958333333333333 0.121875 0.105