1 0.0221354166666666 0.51625 0.0432291666666666 0.0758333333333333
4 0.1 0.3383333333333334 0.01875 0.05
4 0.1015625 0.3458333333333334 0.015625 0.0383333333333333
1 0.1182291666666666 0.5125000000000001 0.046875 0.0483333333333333
3 0.1859375 0.3516666666666667 0.015625 0.0433333333333333
3 0.1854166666666666 0.3583333333333333 0.0145833333333333 0.0366666666666666
1 0.20625 0.5 0.0541666666666666 0.0733333333333333
3 0.3005208333333333 0.4375 0.0135416666666666 0.0316666666666666
3 0.3041666666666666 0.44 0.0145833333333333 0.04
1 0.6348958333333333 0.4833333333333333 0.084375 0.0633333333333333
3 0.6447916666666667 0.35 0.01875 0.0366666666666666
3 0.6484375 0.325 0.0177083333333333 0.0733333333333333
1 0.70625 0.475 0.05625 0.0766666666666666