2 0.5182291666666666 0.51625 0.009375 0.0475
2 0.5119791666666667 0.5166666666666667 0.009375 0.0483333333333333
1 0.046875 0.5870833333333334 0.0927083333333333 0.1441666666666666
4 0.2776041666666666 0.3391666666666666 0.0177083333333333 0.0483333333333333
4 0.2791666666666667 0.345 0.01875 0.05
1 0.3432291666666666 0.53 0.0572916666666666 0.0666666666666666
3 0.3598958333333333 0.34 0.0177083333333333 0.0433333333333333
3 0.365625 0.3383333333333334 0.0208333333333333 0.05
3 0.4979166666666667 0.4316666666666667 0.0229166666666666 0.0366666666666666
3 0.4989583333333333 0.4358333333333333 0.0125 0.0416666666666666
1 0.7734375 0.4941666666666667 0.090625 0.0716666666666666