1 0.0572916666666666 0.545 0.1145833333333333 0.0933333333333333
5 0.0583333333333333 0.55 0.1166666666666666 0.0933333333333333
2 0.0515625 0.5625 0.0302083333333333 0.0783333333333333
5 0.1390625 0.5433333333333333 0.071875 0.09
3 0.134375 0.4308333333333333 0.0270833333333333 0.0716666666666666
5 0.2 0.5391666666666667 0.0625 0.0383333333333333
1 0.2020833333333333 0.5591666666666667 0.0625 0.0583333333333333
1 0.3385416666666667 0.5566666666666668 0.03125 0.0666666666666666
1 0.5161458333333333 0.5508333333333334 0.0614583333333333 0.0716666666666666
3 0.5916666666666667 0.3858333333333333 0.0291666666666666 0.0783333333333333
3 0.8161458333333333 0.4383333333333333 0.0239583333333333 0.04