1 0.1181640625 0.4912109375 0.1259765625 0.1318359375
4 0.2666015625 0.33203125 0.01953125 0.04296875
4 0.271484375 0.3408203125 0.021484375 0.0546875
3 0.3515625 0.3310546875 0.01953125 0.044921875
3 0.3525390625 0.330078125 0.017578125 0.04296875
1 0.37890625 0.5009765625 0.03515625 0.10546875
3 0.4130859375 0.3359375 0.017578125 0.044921875
3 0.4130859375 0.3349609375 0.0146484375 0.037109375
1 0.4677734375 0.501953125 0.0673828125 0.09375
0 0.5498046875 0.494140625 0.0244140625 0.0849609375
0 0.55078125 0.49609375 0.0244140625 0.078125
3 0.5712890625 0.4150390625 0.013671875 0.0302734375
3 0.6181640625 0.3662109375 0.0185546875 0.0654296875
3 0.6162109375 0.369140625 0.015625 0.0478515625