1 0.0572916666666666 0.5 0.06875 0.1
4 0.2135416666666666 0.3433333333333334 0.0229166666666666 0.0633333333333333
3 0.2177083333333333 0.3533333333333333 0.01875 0.05
3 0.2755208333333333 0.3383333333333334 0.0197916666666666 0.0666666666666666
1 0.3369791666666666 0.5366666666666667 0.0614583333333333 0.1066666666666666
3 0.3677083333333333 0.3366666666666666 0.01875 0.0566666666666666
3 0.3734375 0.345 0.0177083333333333 0.0466666666666666
1 0.4604166666666666 0.5508333333333334 0.13125 0.1616666666666666
3 0.4364583333333333 0.35 0.0333333333333333 0.0766666666666666
3 0.4369791666666666 0.35 0.0177083333333333 0.05
3 0.5744791666666667 0.435 0.0177083333333333 0.0633333333333333
3 0.578125 0.4283333333333333 0.0166666666666666 0.0533333333333333
1 0.8291666666666666 0.51 0.0875 0.0766666666666666