1 0.0377604166666666 0.5104166666666667 0.0744791666666666 0.0875
5 0.0369791666666666 0.4483333333333333 0.0729166666666666 0.0566666666666666
1 0.1515625 0.4958333333333333 0.0552083333333333 0.0783333333333333
1 0.3583333333333333 0.4841666666666667 0.0208333333333333 0.0316666666666666
1 0.4322916666666667 0.4741666666666667 0.0208333333333333 0.0283333333333333
3 0.4557291666666667 0.4116666666666667 0.015625 0.0366666666666666
4 0.4572916666666666 0.4216666666666667 0.01875 0.04
3 0.5302083333333333 0.3775 0.0166666666666666 0.0383333333333333
3 0.5598958333333334 0.4216666666666667 0.015625 0.02
3 0.5625 0.42 0.0145833333333333 0.0366666666666666
3 0.6265625 0.3875 0.0177083333333333 0.0283333333333333
3 0.6260416666666666 0.395 0.0145833333333333 0.0433333333333333