2 0.0478515625 0.3994140625 0.095703125 0.3779296875
3 0.0634765625 0.068359375 0.0830078125 0.1298828125
1 0.2099609375 0.515625 0.06640625 0.08203125
1 0.4736328125 0.494140625 0.0419921875 0.0517578125
1 0.5263671875 0.4912109375 0.076171875 0.05859375
3 0.572265625 0.0283203125 0.0283203125 0.0537109375
3 0.5654296875 0.36328125 0.0146484375 0.04296875
3 0.6533203125 0.3583984375 0.0166015625 0.0498046875
3 0.65234375 0.357421875 0.009765625 0.0380859375
3 0.728515625 0.4189453125 0.013671875 0.0478515625
3 0.80078125 0.076171875 0.029296875 0.091796875
1 0.876953125 0.5009765625 0.119140625 0.0654296875