1 0.0830078125 0.5126953125 0.0869140625 0.078125
1 0.33203125 0.4931640625 0.025390625 0.0302734375
1 0.419921875 0.486328125 0.0244140625 0.04296875
3 0.4453125 0.4052734375 0.015625 0.037109375
4 0.44921875 0.408203125 0.0185546875 0.0400390625
3 0.5380859375 0.3544921875 0.0166015625 0.0380859375
1 0.5458984375 0.4921875 0.0244140625 0.03125
3 0.572265625 0.4072265625 0.0146484375 0.044921875
3 0.5751953125 0.41015625 0.0146484375 0.037109375
3 0.6708984375 0.34375 0.0224609375 0.0712890625
3 0.6708984375 0.3681640625 0.015625 0.046875