1 0.1572265625 0.46484375 0.03515625 0.037109375
1 0.197265625 0.4697265625 0.0205078125 0.0302734375
1 0.23828125 0.47265625 0.02734375 0.0380859375
1 0.287109375 0.46875 0.033203125 0.03515625
1 0.3193359375 0.4677734375 0.01953125 0.03125
4 0.4482421875 0.3662109375 0.01953125 0.044921875
3 0.5166015625 0.349609375 0.025390625 0.033203125
3 0.5166015625 0.3662109375 0.013671875 0.0380859375
1 0.5908203125 0.4912109375 0.0654296875 0.0751953125
3 0.58203125 0.3740234375 0.01953125 0.0380859375
3 0.5849609375 0.3818359375 0.0126953125 0.037109375
3 0.6923828125 0.3916015625 0.013671875 0.0234375
3 0.6953125 0.412109375 0.013671875 0.0546875
0 0.7978515625 0.5009765625 0.0341796875 0.0478515625