1 0.0244791666666666 0.5358333333333334 0.0489583333333333 0.0716666666666666
1 0.0776041666666666 0.5408333333333334 0.040625 0.055
1 0.121875 0.5408333333333334 0.0541666666666666 0.0683333333333333
4 0.3708333333333333 0.4408333333333333 0.01875 0.0283333333333333
4 0.3713541666666666 0.4491666666666667 0.0135416666666666 0.0316666666666666
1 0.4239583333333333 0.5308333333333334 0.0375 0.085
3 0.4463541666666666 0.4083333333333334 0.015625 0.04
3 0.4473958333333333 0.405 0.0114583333333333 0.03
3 0.4786458333333333 0.45 0.0177083333333333 0.03
3 0.4786458333333333 0.4508333333333333 0.0114583333333333 0.035
3 0.5364583333333334 0.425 0.0166666666666666 0.0566666666666666
3 0.5364583333333334 0.4225 0.0145833333333333 0.045
1 0.70625 0.505 0.1125 0.0866666666666666