1 0.1348958333333333 0.5908333333333333 0.1802083333333333 0.1783333333333333
3 0.0703125 0.4641666666666666 0.0177083333333333 0.0416666666666666
4 0.071875 0.4758333333333334 0.01875 0.055
1 0.2468749999999999 0.5816666666666667 0.05625 0.1333333333333333
3 0.3338541666666667 0.365 0.021875 0.0466666666666666
4 0.3359375 0.3675 0.015625 0.0483333333333333
3 0.4166666666666667 0.3733333333333333 0.01875 0.03
3 0.4197916666666667 0.3658333333333333 0.0208333333333333 0.0483333333333333
3 0.5473958333333333 0.45 0.0239583333333333 0.05
3 0.5489583333333333 0.455 0.0145833333333333 0.0333333333333333
1 0.6567708333333333 0.5266666666666667 0.0197916666666666 0.0566666666666666
1 0.71875 0.5216666666666667 0.11875 0.07
3 0.6822916666666666 0.3691666666666667 0.0270833333333333 0.0883333333333333
3 0.6828125 0.3891666666666667 0.0260416666666666 0.0383333333333333
1 0.796875 0.515 0.04375 0.07
1 0.8838541666666666 0.5058333333333334 0.1114583333333333 0.0516666666666666