1 0.166015625 0.50390625 0.0341796875 0.044921875
1 0.197265625 0.498046875 0.046875 0.0400390625
1 0.3662109375 0.51953125 0.1220703125 0.1552734375
3 0.41015625 0.3837890625 0.015625 0.0419921875
3 0.4130859375 0.3984375 0.015625 0.0302734375
3 0.4482421875 0.3974609375 0.013671875 0.03125
3 0.44921875 0.4013671875 0.0146484375 0.0263671875
3 0.5244140625 0.453125 0.01171875 0.01953125
3 0.5341796875 0.431640625 0.01953125 0.037109375
3 0.53125 0.4384765625 0.0126953125 0.0234375
1 0.78125 0.46875 0.06640625 0.0419921875