1 0.06875 0.485 0.0895833333333333 0.0666666666666666
3 0.2020833333333333 0.4216666666666667 0.0125 0.03
4 0.203125 0.4316666666666667 0.0125 0.0466666666666666
1 0.3458333333333333 0.4941666666666667 0.0520833333333333 0.0816666666666666
4 0.384375 0.3508333333333333 0.01875 0.0516666666666666
3 0.3895833333333333 0.3466666666666667 0.0145833333333333 0.0333333333333333
1 0.4296875 0.4858333333333333 0.0447916666666666 0.0583333333333333
3 0.4515625 0.3616666666666667 0.0197916666666666 0.04
3 0.4520833333333333 0.3683333333333333 0.0145833333333333 0.0266666666666666
3 0.5583333333333333 0.4333333333333333 0.0145833333333333 0.0233333333333333
3 0.56875 0.4241666666666667 0.0229166666666666 0.0516666666666666
1 0.6625 0.5383333333333333 0.1354166666666666 0.1666666666666666
3 0.6177083333333333 0.4083333333333334 0.0125 0.0266666666666666
3 0.6208333333333333 0.4 0.0145833333333333 0.0466666666666666