4 0.0614583333333333 0.4675 0.0166666666666666 0.0483333333333333
3 0.0677083333333333 0.4558333333333333 0.0208333333333333 0.0416666666666666
1 0.1156249999999999 0.54 0.0541666666666666 0.0733333333333333
1 0.1557291666666666 0.53 0.034375 0.05
4 0.2197916666666666 0.3758333333333333 0.01875 0.055
1 0.2510416666666666 0.5216666666666667 0.0229166666666666 0.0433333333333333
1 0.2765625 0.5216666666666667 0.046875 0.07
3 0.2911458333333333 0.3758333333333333 0.015625 0.045
1 0.3364583333333333 0.5133333333333334 0.0520833333333333 0.0666666666666666
3 0.3854166666666667 0.4583333333333333 0.0145833333333333 0.03
3 0.3885416666666667 0.4525 0.0166666666666666 0.0483333333333333
1 0.4651041666666666 0.545 0.1510416666666666 0.2166666666666666
1 0.5895833333333333 0.4933333333333333 0.0645833333333333 0.06
3 0.6010416666666667 0.3983333333333334 0.0333333333333333 0.06
3 0.6078125 0.3875 0.0260416666666666 0.085
1 0.684375 0.5641666666666667 0.1604166666666666 0.1316666666666666