2 0.01875 0.5491666666666667 0.0166666666666666 0.0716666666666666
2 0.0291666666666666 0.54 0.0104166666666666 0.0666666666666666
4 0.0541666666666666 0.4375 0.01875 0.0516666666666666
0 0.0697916666666666 0.535 0.0479166666666666 0.08
2 0.071875 0.54 0.0166666666666666 0.08
2 0.0807291666666666 0.5383333333333333 0.0239583333333333 0.08
0 0.0875 0.5375000000000001 0.03125 0.0716666666666666
2 0.084375 0.5383333333333333 0.0145833333333333 0.0766666666666666
0 0.0822916666666666 0.5375000000000001 0.0104166666666666 0.0683333333333333
0 0.0989583333333333 0.5383333333333333 0.0166666666666666 0.0666666666666666
2 0.1265625 0.5283333333333333 0.0177083333333333 0.0633333333333333
1 0.171875 0.525 0.0875 0.0733333333333333
5 0.1734375 0.5216666666666667 0.0822916666666666 0.0833333333333333
5 0.2395833333333333 0.5116666666666667 0.05625 0.0566666666666666
1 0.2473958333333333 0.5325000000000001 0.0572916666666666 0.0483333333333333
2 0.2848958333333333 0.5133333333333334 0.0239583333333333 0.0733333333333333
5 0.328125 0.4816666666666667 0.1 0.1466666666666666
4 0.4484375 0.3208333333333333 0.0197916666666666 0.055
1 0.5171875 0.515 0.0322916666666666 0.0433333333333333
3 0.5192708333333333 0.3241666666666667 0.021875 0.0683333333333333
1 0.6234375 0.5125000000000001 0.1156249999999999 0.095
2 0.7010416666666667 0.5991666666666667 0.1479166666666666 0.425
2 0.7052083333333333 0.5983333333333334 0.15 0.4333333333333333
3 0.65625 0.4083333333333334 0.0208333333333333 0.0633333333333333