3 0.2151041666666666 0.3566666666666667 0.0197916666666666 0.0533333333333333
1 0.3114583333333333 0.5108333333333334 0.01875 0.0183333333333333
1 0.3380208333333333 0.5166666666666667 0.0364583333333333 0.0566666666666666
3 0.3317708333333333 0.4091666666666667 0.009375 0.035
3 0.3703125 0.3783333333333333 0.0177083333333333 0.04
1 0.4328125 0.5383333333333333 0.1072916666666666 0.1233333333333333
3 0.396875 0.4291666666666667 0.0083333333333333 0.0216666666666666
3 0.4229166666666666 0.4416666666666667 0.0145833333333333 0.0333333333333333
1 0.4833333333333333 0.515 0.025 0.0433333333333333
3 0.490625 0.4266666666666667 0.01875 0.0366666666666666
1 0.5833333333333334 0.5258333333333334 0.0666666666666666 0.0616666666666666
5 0.6421875 0.4983333333333333 0.0760416666666666 0.1033333333333333
5 0.6447916666666667 0.505 0.075 0.0966666666666666
3 0.6604166666666667 0.4483333333333333 0.0145833333333333 0.03
1 0.9010416666666666 0.5508333333333334 0.16875 0.1216666666666666