1 0.1767578125 0.49609375 0.0888671875 0.068359375
1 0.283203125 0.5048828125 0.1220703125 0.1103515625
1 0.4736328125 0.490234375 0.0361328125 0.0498046875
3 0.5703125 0.0283203125 0.0263671875 0.056640625
3 0.5673828125 0.3603515625 0.0126953125 0.0517578125
3 0.6533203125 0.35546875 0.013671875 0.0400390625
3 0.7275390625 0.4013671875 0.015625 0.04296875
3 0.7294921875 0.4052734375 0.013671875 0.0263671875
3 0.7978515625 0.076171875 0.025390625 0.091796875
2 0.8076171875 0.4755859375 0.03125 0.087890625
2 0.80859375 0.474609375 0.0185546875 0.05859375
2 0.9716796875 0.4775390625 0.0302734375 0.1552734375
0 0.9697265625 0.482421875 0.0263671875 0.1015625
2 0.9912109375 0.4814453125 0.01171875 0.0830078125