1 0.0692708333333333 0.5216666666666667 0.046875 0.0966666666666666
1 0.1765625 0.5358333333333334 0.0760416666666666 0.0516666666666666
1 0.2432291666666666 0.5358333333333334 0.0322916666666666 0.0683333333333333
2 0.2614583333333333 0.5216666666666667 0.0291666666666666 0.1166666666666666
2 0.2614583333333333 0.5325000000000001 0.0270833333333333 0.115
2 0.2927083333333333 0.5225000000000001 0.0291666666666666 0.135
0 0.4057291666666666 0.5325000000000001 0.0239583333333333 0.0683333333333333
2 0.4036458333333333 0.5383333333333333 0.015625 0.0666666666666666
2 0.4078124999999999 0.5358333333333334 0.009375 0.0516666666666666
2 0.5260416666666666 0.5233333333333333 0.0375 0.1433333333333333
1 0.5859375 0.5433333333333333 0.090625 0.0733333333333333
1 0.8208333333333333 0.5700000000000001 0.3541666666666667 0.2866666666666667