1 0.1588541666666666 0.4875 0.3177083333333333 0.5683333333333334
5 0.1473958333333333 0.5008333333333334 0.2947916666666667 0.445
4 0.3557291666666666 0.3008333333333333 0.0197916666666666 0.0716666666666666
4 0.3567708333333333 0.2858333333333333 0.015625 0.0383333333333333
3 0.4770833333333333 0.2416666666666666 0.0145833333333333 0.0533333333333333
0 0.6458333333333334 0.4858333333333333 0.03125 0.105
0 0.6432291666666666 0.4866666666666667 0.0260416666666666 0.0966666666666666
3 0.640625 0.3583333333333333 0.01875 0.04
1 0.7239583333333334 0.4783333333333334 0.0583333333333333 0.0566666666666666
3 0.9380208333333332 0.2241666666666666 0.021875 0.0416666666666666
3 0.9442708333333332 0.25 0.028125 0.08