1 0.1322916666666666 0.555 0.08125 0.0866666666666666
5 0.2364583333333333 0.5 0.0583333333333333 0.1033333333333333
1 0.2869791666666667 0.55 0.0885416666666666 0.1266666666666666
3 0.2604166666666667 0.2633333333333333 0.025 0.0666666666666666
3 0.3848958333333333 0.2775 0.0239583333333333 0.075
2 0.4817708333333333 0.5341666666666667 0.0239583333333333 0.0716666666666666
3 0.5739583333333333 0.4166666666666667 0.0270833333333333 0.08
2 0.6223958333333334 0.54 0.021875 0.0966666666666666
2 0.6453125 0.5433333333333333 0.021875 0.1066666666666666
2 0.6739583333333333 0.54 0.03125 0.1066666666666666
0 0.7161458333333334 0.5433333333333333 0.0427083333333333 0.13
2 0.7385416666666667 0.5466666666666667 0.0333333333333333 0.1133333333333333
2 0.7630208333333334 0.5425 0.0322916666666666 0.1183333333333333
0 0.8119791666666667 0.5433333333333333 0.059375 0.1666666666666666
2 0.884375 0.5308333333333334 0.0291666666666666 0.0983333333333333