1 0.0971354166666666 0.5154166666666667 0.0598958333333333 0.0491666666666666
1 0.1479166666666666 0.5083333333333334 0.0395833333333333 0.0833333333333333
3 0.2208333333333333 0.2291666666666666 0.0270833333333333 0.0683333333333333
3 0.2192708333333333 0.2241666666666666 0.021875 0.0683333333333333
1 0.2864583333333333 0.4958333333333333 0.0375 0.0516666666666666
3 0.3677083333333333 0.2366666666666667 0.04375 0.0833333333333333
1 0.4848958333333333 0.5233333333333333 0.090625 0.13
3 0.484375 0.2333333333333333 0.03125 0.09
1 0.7104166666666667 0.5 0.05625 0.0533333333333333
3 0.7526041666666666 0.3775 0.0302083333333333 0.085
3 0.7536458333333333 0.3816666666666667 0.0177083333333333 0.05
1 0.8223958333333333 0.485 0.065625 0.0833333333333333