3 0.2927083333333333 0.4133333333333334 0.01875 0.0566666666666666
3 0.4729166666666666 0.4216666666666667 0.0125 0.05
2 0.675 0.5183333333333333 0.0208333333333333 0.0666666666666666
2 0.6765625 0.5291666666666667 0.0135416666666666 0.0716666666666666
2 0.6942708333333333 0.5266666666666667 0.0135416666666666 0.07
2 0.6958333333333333 0.5316666666666667 0.0145833333333333 0.07
2 0.8098958333333334 0.4941666666666667 0.0177083333333333 0.0683333333333333
2 0.8114583333333333 0.5058333333333334 0.0166666666666666 0.0883333333333333
2 0.8296875 0.5 0.0177083333333333 0.0933333333333333
2 0.8364583333333333 0.5083333333333334 0.0229166666666666 0.0966666666666666
2 0.9229166666666666 0.5041666666666667 0.03125 0.1316666666666666
2 0.978125 0.5058333333333334 0.0291666666666666 0.1283333333333333