3 0.0595703125 0.4384765625 0.0185546875 0.04296875
4 0.060546875 0.4521484375 0.0166015625 0.0478515625
1 0.1669921875 0.5126953125 0.03515625 0.0419921875
3 0.2138671875 0.3662109375 0.0185546875 0.0546875
1 0.2666015625 0.5087890625 0.05078125 0.08984375
3 0.2802734375 0.365234375 0.0185546875 0.046875
3 0.578125 0.361328125 0.033203125 0.0595703125
3 0.5771484375 0.3759765625 0.0263671875 0.0849609375
1 0.638671875 0.5283203125 0.1162109375 0.1064453125
2 0.7734375 0.5234375 0.0693359375 0.1904296875
2 0.783203125 0.5205078125 0.03515625 0.14453125
1 0.9033203125 0.64453125 0.1884765625 0.3095703125