3 0.0604166666666666 0.4575 0.0208333333333333 0.0416666666666666
4 0.0625 0.4691666666666667 0.0166666666666666 0.0483333333333333
1 0.1317708333333333 0.5358333333333334 0.0447916666666666 0.075
1 0.1666666666666666 0.5316666666666667 0.0291666666666666 0.0566666666666666
4 0.2177083333333333 0.3741666666666667 0.01875 0.055
1 0.2510416666666666 0.5216666666666667 0.0229166666666666 0.0433333333333333
1 0.275 0.5233333333333333 0.0458333333333333 0.0633333333333333
3 0.2880208333333333 0.3775 0.015625 0.045
1 0.3411458333333333 0.5125000000000001 0.053125 0.075
1 0.4624999999999999 0.5425 0.1791666666666666 0.2616666666666666
3 0.3802083333333333 0.4583333333333333 0.0145833333333333 0.03
3 0.3822916666666666 0.4475 0.0166666666666666 0.0483333333333333
3 0.596875 0.3983333333333334 0.0333333333333333 0.06
1 0.6625 0.5525 0.1604166666666666 0.1316666666666666
3 0.6005208333333333 0.3875 0.0260416666666666 0.085