1 0.2322916666666666 0.5016666666666667 0.0427083333333333 0.0483333333333333
5 0.053125 0.445 0.1052083333333333 0.0566666666666666
5 0.0520833333333333 0.4658333333333334 0.103125 0.0783333333333333
1 0.0989583333333333 0.5125000000000001 0.0708333333333333 0.0783333333333333
1 0.1463541666666666 0.5066666666666667 0.0572916666666666 0.0666666666666666
1 0.1947916666666666 0.4983333333333333 0.04375 0.0666666666666666
1 0.36875 0.4891666666666667 0.0208333333333333 0.0316666666666666
4 0.459375 0.425 0.01875 0.04
3 0.5302083333333333 0.3791666666666667 0.0166666666666666 0.0383333333333333
3 0.5578125 0.4233333333333333 0.015625 0.02
3 0.5614583333333333 0.43 0.0145833333333333 0.0366666666666666
3 0.6130208333333333 0.3958333333333333 0.0177083333333333 0.0283333333333333
3 0.6166666666666667 0.4 0.0145833333333333 0.0433333333333333