1 0.0838541666666666 0.5783333333333334 0.0885416666666666 0.0766666666666666
1 0.2203125 0.5566666666666668 0.040625 0.0466666666666666
3 0.2468749999999999 0.32 0.0270833333333333 0.0633333333333333
1 0.2729166666666666 0.5433333333333333 0.0625 0.09
3 0.3192708333333333 0.2991666666666667 0.0239583333333333 0.065
3 0.3229166666666667 0.2966666666666667 0.0166666666666666 0.0533333333333333
3 0.3989583333333333 0.3133333333333333 0.0208333333333333 0.0633333333333333
3 0.3989583333333333 0.3133333333333333 0.0166666666666666 0.05
3 0.5265625 0.4133333333333334 0.0197916666666666 0.0633333333333333
3 0.5270833333333333 0.4183333333333333 0.0145833333333333 0.0433333333333333
1 0.64375 0.5116666666666667 0.0729166666666666 0.0733333333333333
1 0.8151041666666666 0.5058333333333334 0.134375 0.1083333333333333