1 0.9463541666666666 0.7000000000000001 0.10625 0.4066666666666667
5 0.2588541666666666 0.4741666666666667 0.0885416666666666 0.1316666666666666
1 0.340625 0.4891666666666667 0.1 0.135
4 0.3666666666666666 0.3941666666666666 0.0145833333333333 0.035
3 0.4130208333333333 0.3975 0.015625 0.035
1 0.4723958333333333 0.5091666666666667 0.0927083333333333 0.1216666666666666
3 0.4479166666666667 0.3983333333333334 0.0145833333333333 0.0366666666666666
0 0.5369791666666667 0.4833333333333333 0.0260416666666666 0.0633333333333333
3 0.5348958333333333 0.45 0.0135416666666666 0.03
3 0.5489583333333333 0.4341666666666667 0.0166666666666666 0.0416666666666666
1 0.8781249999999999 0.4983333333333333 0.13125 0.1066666666666666