1 0.0671875 0.5850000000000001 0.1333333333333333 0.1666666666666666
2 0.209375 0.55 0.0229166666666666 0.1033333333333333
2 0.2421875 0.5491666666666667 0.015625 0.075
3 0.2484375 0.4541666666666667 0.0135416666666666 0.0316666666666666
2 0.253125 0.5441666666666667 0.0145833333333333 0.085
2 0.2640625 0.5483333333333333 0.0114583333333333 0.08
2 0.2713541666666667 0.5441666666666667 0.0177083333333333 0.085
2 0.3614583333333333 0.5391666666666667 0.0270833333333333 0.0883333333333333
2 0.3859375 0.5458333333333334 0.0135416666666666 0.085
2 0.428125 0.54 0.01875 0.0833333333333333
2 0.44375 0.5275000000000001 0.01875 0.0883333333333333
2 0.4416666666666666 0.5308333333333334 0.0145833333333333 0.0883333333333333
3 0.503125 0.4416666666666667 0.0145833333333333 0.0433333333333333
1 0.5307291666666667 0.5541666666666667 0.0677083333333333 0.1283333333333333
1 0.6848958333333334 0.6233333333333334 0.1739583333333333 0.31