2 0.9559895833333332 0.46125 0.0276041666666666 0.0991666666666666
1 0.1223958333333333 0.5566666666666668 0.0760416666666666 0.0833333333333333
2 0.1307291666666666 0.5466666666666667 0.053125 0.14
2 0.1333333333333333 0.5466666666666667 0.025 0.13
1 0.2864583333333333 0.5266666666666667 0.0291666666666666 0.0533333333333333
1 0.4322916666666667 0.5191666666666667 0.05625 0.0683333333333333
2 0.503125 0.5191666666666667 0.025 0.125
2 0.525 0.5258333333333334 0.0208333333333333 0.1183333333333333
2 0.5640625 0.5208333333333334 0.0197916666666666 0.125
3 0.5828125 0.3083333333333333 0.028125 0.09
2 0.6192708333333333 0.5033333333333334 0.028125 0.13
1 0.9348958333333334 0.5358333333333334 0.1260416666666666 0.1616666666666666