5 0.221875 0.465 0.1479166666666666 0.1166666666666666
5 0.2229166666666666 0.47 0.1416666666666666 0.1266666666666666
1 0.3020833333333333 0.4883333333333333 0.0520833333333333 0.0566666666666666
1 0.3458333333333333 0.49 0.04375 0.0566666666666666
1 0.4067708333333333 0.4925 0.0802083333333333 0.075
3 0.4088541666666667 0.3283333333333333 0.0177083333333333 0.0366666666666666
3 0.5276041666666667 0.3433333333333334 0.021875 0.0466666666666666
3 0.5265625 0.335 0.0135416666666666 0.0466666666666666
1 0.5588541666666667 0.4866666666666667 0.0572916666666666 0.0533333333333333
3 0.6098958333333333 0.4158333333333333 0.015625 0.0283333333333333
3 0.6114583333333333 0.4116666666666667 0.0166666666666666 0.0466666666666666
3 0.7442708333333333 0.3525 0.0177083333333333 0.055
3 0.7442708333333333 0.3633333333333333 0.0177083333333333 0.0266666666666666