5 0.13125 0.4841666666666667 0.2604166666666667 0.6183333333333334
1 0.2859375 0.4966666666666667 0.1010416666666666 0.1066666666666666
4 0.3526041666666666 0.3025 0.0197916666666666 0.0716666666666666
4 0.3536458333333333 0.2841666666666667 0.015625 0.0383333333333333
3 0.4755208333333333 0.24 0.0177083333333333 0.0666666666666666
3 0.6453125 0.3633333333333333 0.0197916666666666 0.0433333333333333
0 0.6494791666666666 0.4866666666666667 0.0260416666666666 0.0966666666666666
1 0.7395833333333334 0.4825 0.09375 0.0783333333333333
1 0.8651041666666667 0.5900000000000001 0.265625 0.3466666666666667
3 0.9848958333333332 0.2266666666666666 0.0260416666666666 0.08
3 0.9880208333333332 0.2041666666666667 0.021875 0.0416666666666666