1 0.92265625 0.4633333333333334 0.1536458333333333 0.1316666666666666
1 0.1432291666666666 0.5058333333333334 0.0677083333333333 0.0783333333333333
1 0.209375 0.5116666666666667 0.0708333333333333 0.0733333333333333
4 0.190625 0.2133333333333333 0.0208333333333333 0.0833333333333333
3 0.3244791666666666 0.2091666666666666 0.0239583333333333 0.0683333333333333
3 0.3260416666666667 0.2233333333333333 0.0270833333333333 0.0433333333333333
1 0.334375 0.4925 0.0291666666666666 0.0416666666666666
3 0.4312499999999999 0.2466666666666666 0.03125 0.04
3 0.4333333333333333 0.2283333333333333 0.025 0.0666666666666666
2 0.5744791666666667 0.48 0.021875 0.0666666666666666
2 0.5791666666666666 0.4825 0.0166666666666666 0.0416666666666666
1 0.6010416666666667 0.4833333333333333 0.0354166666666666 0.0466666666666666
3 0.6520833333333333 0.3591666666666667 0.0229166666666666 0.055
3 0.6609375 0.3683333333333333 0.0302083333333333 0.0433333333333333
1 0.678125 0.4808333333333334 0.0604166666666666 0.075
3 0.7463541666666667 0.2358333333333333 0.046875 0.125
3 0.746875 0.27 0.0354166666666666 0.05
1 0.7536458333333333 0.4725 0.0385416666666666 0.0383333333333333
1 0.8177083333333334 0.4716666666666667 0.0541666666666666 0.0433333333333333