5 0.033203125 0.4921875 0.06640625 0.0478515625
1 0.0322265625 0.537109375 0.0537109375 0.03515625
1 0.33203125 0.4833984375 0.0185546875 0.033203125
3 0.41796875 0.3779296875 0.0166015625 0.046875
3 0.416015625 0.3779296875 0.009765625 0.03125
1 0.46875 0.482421875 0.0146484375 0.021484375
3 0.4716796875 0.3837890625 0.0146484375 0.04296875
3 0.4716796875 0.3798828125 0.0126953125 0.033203125
1 0.4814453125 0.5078125 0.025390625 0.03515625
3 0.6044921875 0.4052734375 0.01953125 0.0537109375
3 0.603515625 0.4033203125 0.015625 0.046875