1 0.3359375 0.65 0.3177083333333333 0.3866666666666667
3 0.2760416666666667 0.28 0.025 0.0666666666666666
3 0.3880208333333333 0.2858333333333333 0.0239583333333333 0.075
2 0.4848958333333333 0.5266666666666667 0.0239583333333333 0.0666666666666666
2 0.565625 0.5616666666666666 0.0729166666666666 0.2133333333333333
3 0.5635416666666666 0.4158333333333333 0.0270833333333333 0.0783333333333333
2 0.5796875 0.5208333333333334 0.0177083333333333 0.0816666666666666
2 0.5984375 0.5258333333333334 0.0197916666666666 0.085
0 0.6453125 0.5283333333333333 0.0322916666666666 0.1033333333333333
2 0.684375 0.5283333333333333 0.0229166666666666 0.0866666666666666
2 0.7036458333333333 0.53 0.0260416666666666 0.0866666666666666
2 0.7270833333333333 0.5266666666666667 0.0229166666666666 0.09
2 0.7838541666666666 0.5183333333333333 0.0239583333333333 0.1066666666666666