4 0.1064453125 0.3623046875 0.0224609375 0.0654296875
4 0.107421875 0.3623046875 0.0185546875 0.0546875
0 0.23046875 0.462890625 0.025390625 0.080078125
1 0.28515625 0.458984375 0.05078125 0.0615234375
3 0.4443359375 0.25390625 0.0146484375 0.0546875
4 0.447265625 0.2568359375 0.0126953125 0.04296875
3 0.52734375 0.267578125 0.0185546875 0.0546875
3 0.5263671875 0.265625 0.0146484375 0.0478515625
3 0.609375 0.275390625 0.0205078125 0.0546875
3 0.6083984375 0.267578125 0.0166015625 0.0380859375
3 0.759765625 0.369140625 0.0146484375 0.044921875
3 0.76171875 0.3681640625 0.015625 0.0498046875
1 0.943359375 0.48046875 0.1025390625 0.0966796875
1 0.93359375 0.4423828125 0.056640625 0.0546875