2 0.5721354166666667 0.5241666666666667 0.0151041666666666 0.065
0 0.6611979166666666 0.5291666666666667 0.0244791666666666 0.0883333333333333
0 0.0083333333333333 0.5570833333333334 0.015625 0.0758333333333333
2 0.4841145833333333 0.5220833333333333 0.0192708333333333 0.0691666666666666
1 0.1208333333333333 0.5408333333333334 0.0833333333333333 0.0816666666666666
4 0.2807291666666666 0.2758333333333334 0.0197916666666666 0.0616666666666666
3 0.3901041666666666 0.2866666666666667 0.0177083333333333 0.07
2 0.5421875 0.5308333333333334 0.021875 0.0816666666666666
2 0.54375 0.5283333333333333 0.0166666666666666 0.08
2 0.5578125 0.5266666666666667 0.021875 0.0833333333333333
2 0.559375 0.53 0.01875 0.0766666666666666
3 0.5625 0.4083333333333334 0.0208333333333333 0.0633333333333333
1 0.8895833333333333 0.4975 0.2166666666666666 0.125
2 0.8578125 0.5725 0.0885416666666666 0.265