1 0.0440104166666666 0.61875 0.0869791666666666 0.1625
1 0.1838541666666666 0.5883333333333334 0.1010416666666666 0.1066666666666666
1 0.2468749999999999 0.5758333333333334 0.03125 0.075
1 0.2979166666666666 0.5591666666666667 0.0291666666666666 0.0583333333333333
1 0.4927083333333333 0.5516666666666667 0.025 0.08
1 0.5286458333333334 0.5616666666666666 0.0677083333333333 0.1066666666666666
3 0.5598958333333334 0.2791666666666667 0.0364583333333333 0.125
2 0.646875 0.5666666666666667 0.0375 0.0933333333333333
2 0.6625 0.54 0.0416666666666666 0.1066666666666666
2 0.659375 0.5266666666666667 0.01875 0.07
2 0.696875 0.5441666666666667 0.0145833333333333 0.075
2 0.8468749999999999 0.5366666666666667 0.0354166666666666 0.2