3 0.2458333333333333 0.425 0.0166666666666666 0.05
1 0.3630208333333333 0.6183333333333334 0.2239583333333333 0.2733333333333334
1 0.521875 0.5316666666666667 0.0729166666666666 0.1133333333333333
3 0.5197916666666667 0.4058333333333334 0.01875 0.0583333333333333
2 0.5677083333333334 0.5275000000000001 0.0291666666666666 0.125
2 0.5848958333333333 0.5316666666666667 0.015625 0.1466666666666666
1 0.6385416666666667 0.5158333333333334 0.10625 0.0983333333333333
2 0.5994791666666667 0.5275000000000001 0.021875 0.125
2 0.6453125 0.5175000000000001 0.0260416666666666 0.1083333333333333
2 0.7166666666666667 0.4908333333333333 0.0208333333333333 0.0716666666666666
2 0.7614583333333333 0.5033333333333334 0.04375 0.0766666666666666