3 0.0609375 0.0716666666666666 0.0989583333333333 0.1433333333333333
1 0.0864583333333333 0.5333333333333333 0.03125 0.0766666666666666
1 0.4744791666666667 0.5041666666666667 0.034375 0.0483333333333333
3 0.5645833333333333 0.3641666666666667 0.0166666666666666 0.0483333333333333
3 0.5708333333333333 0.0258333333333333 0.0270833333333333 0.0516666666666666
3 0.6520833333333333 0.3591666666666667 0.0145833333333333 0.055
3 0.728125 0.4133333333333334 0.01875 0.0533333333333333
3 0.8010416666666667 0.0791666666666666 0.0291666666666666 0.1116666666666666
1 0.8197916666666667 0.4883333333333333 0.0625 0.04
1 0.8619791666666666 0.4891666666666667 0.071875 0.055
1 0.8989583333333333 0.4866666666666667 0.0416666666666666 0.0566666666666666