1 0.1265625 0.5275000000000001 0.071875 0.0416666666666666
1 0.2817708333333333 0.52 0.065625 0.0366666666666666
4 0.3963541666666667 0.375 0.0114583333333333 0.03
1 0.4192708333333333 0.5141666666666667 0.046875 0.065
3 0.4536458333333333 0.3908333333333333 0.0135416666666666 0.035
3 0.4536458333333333 0.3908333333333333 0.009375 0.0283333333333333
2 0.4578125 0.51 0.0177083333333333 0.0533333333333333
2 0.4578125 0.5058333333333334 0.0135416666666666 0.045
3 0.5307291666666667 0.4391666666666667 0.009375 0.0283333333333333
3 0.53125 0.4366666666666667 0.0104166666666666 0.02
5 0.5994791666666667 0.475 0.140625 0.0766666666666666
3 0.584375 0.4091666666666667 0.0125 0.0383333333333333
3 0.5854166666666667 0.405 0.0125 0.03
2 0.6411458333333333 0.4908333333333333 0.0177083333333333 0.0516666666666666