1 0.0595703125 0.4970703125 0.076171875 0.0966796875
5 0.1328125 0.490234375 0.1865234375 0.212890625
1 0.1982421875 0.5439453125 0.203125 0.1884765625
4 0.2470703125 0.349609375 0.0224609375 0.0634765625
3 0.2509765625 0.3486328125 0.0185546875 0.0498046875
3 0.3056640625 0.35546875 0.01953125 0.06640625
1 0.4697265625 0.556640625 0.2470703125 0.2763671875
3 0.3818359375 0.3583984375 0.0185546875 0.056640625
3 0.388671875 0.34375 0.017578125 0.046875
3 0.4443359375 0.361328125 0.033203125 0.0771484375
3 0.4462890625 0.34375 0.017578125 0.0498046875
3 0.5693359375 0.4150390625 0.017578125 0.0595703125
3 0.5693359375 0.4140625 0.017578125 0.044921875
1 0.7822265625 0.494140625 0.0673828125 0.068359375