5 0.0533854166666666 0.46375 0.1057291666666666 0.2075
4 0.2494791666666666 0.2633333333333333 0.021875 0.0766666666666666
1 0.3494791666666667 0.4808333333333334 0.0552083333333333 0.0683333333333333
3 0.3682291666666666 0.2666666666666666 0.021875 0.0633333333333333
1 0.4276041666666667 0.4916666666666667 0.0635416666666666 0.06
3 0.44375 0.2891666666666667 0.0291666666666666 0.0583333333333333
5 0.5265625 0.4683333333333334 0.0427083333333333 0.0766666666666666
3 0.6140625 0.3825 0.0197916666666666 0.055
3 0.6135416666666667 0.3833333333333333 0.0166666666666666 0.0533333333333333
1 0.65625 0.505 0.0875 0.08
3 0.7505208333333333 0.3066666666666667 0.0239583333333333 0.09
3 0.7520833333333333 0.2983333333333333 0.025 0.08