2 0.58125 0.52 0.0145833333333333 0.0483333333333333
2 0.5963541666666666 0.52 0.0166666666666666 0.0583333333333333
1 0.2588541666666666 0.6658333333333334 0.3302083333333333 0.4016666666666666
2 0.1494791666666666 0.5466666666666667 0.028125 0.0866666666666666
2 0.15 0.5425 0.0125 0.0783333333333333
3 0.1588541666666666 0.4008333333333334 0.0135416666666666 0.045
3 0.5145833333333333 0.3716666666666667 0.0166666666666666 0.0566666666666666
2 0.6494791666666666 0.5308333333333334 0.021875 0.1016666666666666
2 0.7619791666666667 0.5275000000000001 0.0572916666666666 0.225
2 0.8270833333333333 0.5241666666666667 0.06875 0.2583333333333333
2 0.9208333333333332 0.5341666666666667 0.0333333333333333 0.1883333333333333