2 0.16875 0.535 0.0854166666666666 0.3
2 0.2583333333333333 0.545 0.0708333333333333 0.25
2 0.3151041666666667 0.5283333333333333 0.0760416666666666 0.2833333333333333
5 0.384375 0.4583333333333333 0.09375 0.1366666666666667
1 0.3848958333333333 0.4591666666666667 0.0822916666666666 0.1383333333333333
2 0.3583333333333333 0.4891666666666667 0.01875 0.0716666666666666
2 0.3604166666666666 0.495 0.0166666666666666 0.0766666666666666
2 0.3859375 0.4983333333333333 0.0197916666666666 0.0766666666666666
2 0.4197916666666667 0.4925 0.0208333333333333 0.0683333333333333
2 0.4338541666666666 0.4975 0.0177083333333333 0.0683333333333333
2 0.4463541666666666 0.4991666666666667 0.0197916666666666 0.0783333333333333
4 0.4973958333333333 0.3175 0.0177083333333333 0.055
3 0.5630208333333333 0.3216666666666667 0.0177083333333333 0.0566666666666666
1 0.7364583333333333 0.4933333333333333 0.1229166666666666 0.0633333333333333
3 0.6869791666666667 0.3975 0.0197916666666666 0.0616666666666666
2 0.7588541666666666 0.5525 0.109375 0.2783333333333334