1 0.048828125 0.5537109375 0.064453125 0.0595703125
1 0.095703125 0.5498046875 0.052734375 0.0634765625
1 0.2861328125 0.53125 0.0634765625 0.05859375
4 0.3701171875 0.4443359375 0.017578125 0.03515625
4 0.369140625 0.447265625 0.013671875 0.03515625
1 0.42578125 0.53125 0.037109375 0.0849609375
3 0.451171875 0.4033203125 0.015625 0.0400390625
3 0.451171875 0.4013671875 0.01171875 0.0302734375
3 0.484375 0.4541015625 0.0166015625 0.0380859375
3 0.482421875 0.4560546875 0.01171875 0.03515625
3 0.544921875 0.419921875 0.0166015625 0.056640625
3 0.544921875 0.416015625 0.0146484375 0.044921875
1 0.736328125 0.5029296875 0.12109375 0.0966796875
1 0.90625 0.4794921875 0.18359375 0.1279296875