1 0.0419921875 0.611328125 0.0830078125 0.248046875
2 0.099609375 0.5810546875 0.021484375 0.0712890625
2 0.123046875 0.576171875 0.0341796875 0.078125
2 0.1240234375 0.576171875 0.0283203125 0.0849609375
1 0.267578125 0.5478515625 0.05078125 0.0732421875
1 0.31640625 0.5390625 0.072265625 0.08203125
2 0.5888671875 0.51953125 0.0205078125 0.0830078125
2 0.6142578125 0.5244140625 0.025390625 0.091796875
2 0.6396484375 0.53125 0.0185546875 0.1015625
2 0.6904296875 0.5400390625 0.0380859375 0.193359375
2 0.7470703125 0.5419921875 0.0556640625 0.193359375