5 0.1380208333333333 0.4975 0.2760416666666667 0.445
4 0.3546875 0.3008333333333333 0.0197916666666666 0.0716666666666666
4 0.3536458333333333 0.2841666666666667 0.015625 0.0383333333333333
1 0.5 0.5916666666666667 0.2895833333333333 0.38
3 0.4765625 0.2416666666666666 0.015625 0.0566666666666666
0 0.6453125 0.4866666666666667 0.0260416666666666 0.0966666666666666
0 0.65 0.4791666666666667 0.03125 0.105
3 0.6453125 0.3633333333333333 0.0197916666666666 0.0433333333333333
1 0.8598958333333333 0.5766666666666667 0.278125 0.2866666666666667
3 0.9598958333333332 0.2433333333333333 0.028125 0.08
3 0.9630208333333332 0.2108333333333333 0.021875 0.0416666666666666