2 0.5059895833333333 0.5379166666666667 0.0078125 0.0491666666666666
2 0.5158854166666667 0.5337500000000001 0.0088541666666666 0.0508333333333333
2 0.52734375 0.5295833333333334 0.0098958333333333 0.0575
2 0.4958333333333333 0.5366666666666667 0.0114583333333333 0.055
3 0.3927083333333333 0.435 0.0125 0.0266666666666666
3 0.39375 0.4391666666666667 0.0104166666666666 0.0316666666666666
3 0.4322916666666667 0.4475 0.0125 0.0283333333333333
3 0.4328125 0.445 0.009375 0.0233333333333333
3 0.4739583333333333 0.49 0.0125 0.03
3 0.4828125 0.4758333333333334 0.009375 0.035
3 0.4833333333333333 0.4783333333333334 0.0104166666666666 0.04