1 0.2609375 0.5266666666666667 0.096875 0.11
1 0.3255208333333333 0.5083333333333334 0.0447916666666666 0.0633333333333333
1 0.4359375 0.5041666666666667 0.0510416666666666 0.0383333333333333
3 0.503125 0.3525 0.0166666666666666 0.035
1 0.5421875 0.4975 0.0510416666666666 0.0616666666666666
3 0.571875 0.3675 0.0166666666666666 0.0416666666666666
1 0.5927083333333333 0.5016666666666667 0.0145833333333333 0.05
1 0.6119791666666666 0.505 0.021875 0.0566666666666666
3 0.6114583333333333 0.4541666666666667 0.0104166666666666 0.0283333333333333
3 0.6546875 0.4325 0.015625 0.0416666666666666
3 0.678125 0.4141666666666667 0.0166666666666666 0.035
2 0.8864583333333333 0.4666666666666667 0.0208333333333333 0.0866666666666666
2 0.8932291666666666 0.4825 0.021875 0.0783333333333333