2 0.02421875 0.5625 0.0223958333333333 0.0983333333333333
0 0.0567708333333333 0.555 0.0322916666666666 0.0766666666666666
5 0.1994791666666666 0.5183333333333333 0.0947916666666666 0.0833333333333333
1 0.21875 0.5475 0.1 0.0516666666666666
1 0.3046875 0.55 0.0697916666666666 0.0833333333333333
1 0.3479166666666666 0.535 0.0166666666666666 0.03
4 0.3760416666666666 0.3508333333333333 0.0125 0.0416666666666666
3 0.4557291666666667 0.3633333333333333 0.0135416666666666 0.0433333333333333
3 0.4557291666666667 0.3683333333333333 0.0114583333333333 0.04
2 0.4598958333333333 0.5291666666666667 0.015625 0.095
2 0.4671875 0.53 0.0260416666666666 0.0933333333333333
2 0.4692708333333333 0.53 0.015625 0.0866666666666666
5 0.5640625 0.4983333333333333 0.1927083333333333 0.0966666666666666
1 0.5432291666666667 0.5325000000000001 0.0885416666666666 0.135
1 0.6020833333333333 0.56 0.1208333333333333 0.14
3 0.5645833333333333 0.4316666666666667 0.0125 0.0133333333333333
3 0.5651041666666666 0.4341666666666667 0.0114583333333333 0.0183333333333333
3 0.6973958333333333 0.36 0.015625 0.0466666666666666
3 0.696875 0.3591666666666667 0.0125 0.0383333333333333
2 0.7895833333333333 0.5141666666666667 0.025 0.105
2 0.7932291666666667 0.5133333333333334 0.0322916666666666 0.1
0 0.921875 0.5041666666666667 0.03125 0.0716666666666666