5 0.065625 0.5516666666666667 0.13125 0.0866666666666666
1 0.0661458333333333 0.5558333333333334 0.1322916666666666 0.0883333333333333
2 0.0505208333333333 0.5741666666666667 0.0239583333333333 0.0716666666666666
5 0.1385416666666666 0.5466666666666667 0.0708333333333333 0.0833333333333333
3 0.1348958333333333 0.4308333333333333 0.021875 0.0683333333333333
5 0.2 0.5441666666666667 0.0625 0.0383333333333333
1 0.1989583333333333 0.5616666666666666 0.0604166666666666 0.0533333333333333
1 0.3364583333333333 0.5625 0.0354166666666666 0.065
1 0.5151041666666667 0.5650000000000001 0.059375 0.07
3 0.5921875 0.3941666666666666 0.028125 0.0816666666666666
3 0.8182291666666667 0.445 0.0239583333333333 0.04