0 0.3623046875 0.4775390625 0.0107421875 0.041015625
4 0.2822265625 0.41015625 0.015625 0.04296875
1 0.3935546875 0.47265625 0.0400390625 0.0517578125
1 0.4580078125 0.4736328125 0.0380859375 0.056640625
3 0.498046875 0.3369140625 0.0126953125 0.0400390625
3 0.4990234375 0.3408203125 0.01171875 0.03125
3 0.5498046875 0.3359375 0.0146484375 0.0380859375
3 0.5537109375 0.3388671875 0.015625 0.0419921875
3 0.6064453125 0.345703125 0.0166015625 0.0380859375
3 0.607421875 0.3466796875 0.0146484375 0.0400390625
3 0.70703125 0.4072265625 0.0166015625 0.0419921875
3 0.7080078125 0.40625 0.013671875 0.0380859375
3 0.7919921875 0.3642578125 0.015625 0.0546875
3 0.7919921875 0.3662109375 0.0146484375 0.0546875
1 0.9580078125 0.4638671875 0.08203125 0.0654296875