5 0.0739583333333333 0.53 0.0979166666666666 0.0766666666666666
5 0.078125 0.5325000000000001 0.0916666666666666 0.0683333333333333
3 0.2791666666666667 0.43 0.0145833333333333 0.0433333333333333
3 0.328125 0.4283333333333333 0.0145833333333333 0.0366666666666666
1 0.35 0.53 0.0395833333333333 0.0466666666666666
3 0.3697916666666667 0.4383333333333333 0.01875 0.04
1 0.4359375 0.5283333333333333 0.034375 0.04
3 0.4572916666666666 0.49 0.0145833333333333 0.0366666666666666
1 0.5265625 0.5516666666666667 0.1010416666666666 0.1233333333333333
3 0.5276041666666667 0.4566666666666667 0.0177083333333333 0.0366666666666666
1 0.7640625 0.5533333333333333 0.1489583333333333 0.12