1 0.2509765625 0.59375 0.154296875 0.1962890625
1 0.4052734375 0.5341796875 0.0693359375 0.1953125
1 0.458984375 0.5634765625 0.0576171875 0.1162109375
2 0.5068359375 0.5478515625 0.033203125 0.16796875
2 0.5390625 0.546875 0.0283203125 0.1796875
2 0.54296875 0.5478515625 0.0205078125 0.1630859375
2 0.5634765625 0.5537109375 0.0341796875 0.1865234375
2 0.5625 0.5458984375 0.0224609375 0.16796875
1 0.724609375 0.56640625 0.1220703125 0.150390625
5 0.7685546875 0.486328125 0.140625 0.1201171875
5 0.7802734375 0.48046875 0.15625 0.1220703125
5 0.9111328125 0.435546875 0.173828125 0.87109375