1 0.015625 0.53 0.0291666666666666 0.0466666666666666
3 0.0614583333333333 0.4491666666666667 0.0208333333333333 0.0416666666666666
4 0.0635416666666666 0.4641666666666666 0.0166666666666666 0.0483333333333333
1 0.15 0.5191666666666667 0.01875 0.0483333333333333
1 0.1994791666666666 0.515 0.021875 0.0433333333333333
4 0.2145833333333333 0.3708333333333333 0.01875 0.055
1 0.4291666666666666 0.5800000000000001 0.375 0.52
3 0.5875 0.375 0.0333333333333333 0.06
1 0.6609375 0.5333333333333333 0.1156249999999999 0.1033333333333333
2 0.7171875 0.495 0.0447916666666666 0.0966666666666666
2 0.7135416666666666 0.5066666666666667 0.0354166666666666 0.11