1 0.0557291666666666 0.4783333333333334 0.1114583333333333 0.3166666666666667
5 0.1479166666666666 0.4033333333333334 0.1895833333333333 0.28
3 0.3458333333333333 0.37 0.01875 0.0333333333333333
1 0.3505208333333333 0.4991666666666667 0.0260416666666666 0.0716666666666666
3 0.346875 0.3816666666666667 0.0145833333333333 0.0333333333333333
3 0.384375 0.3716666666666667 0.0145833333333333 0.0266666666666666
3 0.3859375 0.3808333333333333 0.0135416666666666 0.025
3 0.4416666666666666 0.375 0.0145833333333333 0.03
3 0.4421875 0.3775 0.015625 0.0283333333333333
1 0.50625 0.5066666666666667 0.06875 0.0933333333333333
3 0.4848958333333333 0.3766666666666667 0.0197916666666666 0.0366666666666666
3 0.4833333333333333 0.3766666666666667 0.0145833333333333 0.0266666666666666
3 0.56875 0.42 0.0125 0.0266666666666666
1 0.6109375 0.4841666666666667 0.0927083333333333 0.0616666666666666
3 0.7395833333333334 0.3566666666666667 0.0229166666666666 0.0366666666666666