2 0.9684895833333332 0.5045833333333334 0.0546875 0.1558333333333333
2 0.9221354166666668 0.51125 0.0296875 0.1291666666666666
2 0.8820312499999999 0.4920833333333334 0.0401041666666666 0.1525
2 0.8252604166666666 0.5016666666666667 0.0359375 0.145
2 0.7791666666666667 0.5066666666666667 0.0385416666666666 0.15
2 0.7669270833333334 0.49875 0.0255208333333333 0.1458333333333333
2 0.7346354166666667 0.5020833333333333 0.0286458333333333 0.1508333333333333
2 0.7083333333333334 0.5208333333333334 0.0364583333333333 0.105
1 0.209375 0.5125000000000001 0.0395833333333333 0.085
1 0.2723958333333333 0.4966666666666667 0.0239583333333333 0.0566666666666666
1 0.3213541666666666 0.495 0.015625 0.0366666666666666
1 0.346875 0.495 0.0375 0.0633333333333333
1 0.4427083333333333 0.4941666666666667 0.025 0.0483333333333333
2 0.4739583333333333 0.4933333333333333 0.0104166666666666 0.0566666666666666
1 0.5130208333333334 0.4975 0.0364583333333333 0.085