1 0.209375 0.5125000000000001 0.0395833333333333 0.085
1 0.2723958333333333 0.4966666666666667 0.0239583333333333 0.0566666666666666
2 0.4739583333333333 0.4933333333333333 0.0104166666666666 0.0566666666666666
1 0.4875 0.5016666666666667 0.0145833333333333 0.0566666666666666
1 0.53125 0.5016666666666667 0.0395833333333333 0.0733333333333333
1 0.334375 0.5033333333333334 0.0458333333333333 0.0633333333333333
2 0.703125 0.4991666666666667 0.025 0.0716666666666666
2 0.7359375 0.4975 0.0302083333333333 0.1483333333333333
2 0.7677083333333333 0.4916666666666667 0.0208333333333333 0.1366666666666667
2 0.8140625 0.4991666666666667 0.0322916666666666 0.1316666666666666
2 0.8520833333333333 0.47 0.0291666666666666 0.0733333333333333
2 0.8901041666666667 0.4566666666666667 0.0239583333333333 0.0833333333333333
2 0.9234375 0.5141666666666667 0.0260416666666666 0.1183333333333333
2 0.971875 0.5008333333333334 0.0395833333333333 0.1516666666666666