1 0.1770833333333333 0.4775 0.0416666666666666 0.0516666666666666
1 0.3895833333333333 0.5016666666666667 0.1041666666666666 0.0833333333333333
1 0.5276041666666667 0.4816666666666667 0.0364583333333333 0.0466666666666666
4 0.575 0.0375 0.0333333333333333 0.075
3 0.5755208333333334 0.3566666666666667 0.015625 0.0466666666666666
3 0.6598958333333333 0.35 0.015625 0.04
3 0.7328125 0.4033333333333334 0.0135416666666666 0.0433333333333333
3 0.7338541666666667 0.4 0.0135416666666666 0.0266666666666666
3 0.7916666666666666 0.0775 0.0208333333333333 0.0783333333333333
2 0.8010416666666667 0.465 0.025 0.09
2 0.80625 0.4741666666666667 0.01875 0.0583333333333333
2 0.9567708333333332 0.475 0.0302083333333333 0.1566666666666666
0 0.9645833333333332 0.4833333333333333 0.025 0.1033333333333333
2 0.9916666666666668 0.4825 0.0145833333333333 0.1316666666666666
2 0.9911458333333332 0.4816666666666667 0.0114583333333333 0.0833333333333333