1 0.209375 0.5104166666666667 0.0458333333333333 0.0508333333333333
1 0.325 0.5233333333333333 0.0708333333333333 0.09
4 0.3322916666666666 0.4233333333333333 0.0145833333333333 0.03
4 0.3338541666666667 0.4316666666666667 0.0177083333333333 0.04
3 0.3401041666666666 0.395 0.015625 0.0366666666666666
3 0.3421875 0.3883333333333333 0.0177083333333333 0.04
3 0.4447916666666666 0.3666666666666667 0.0166666666666666 0.0366666666666666
3 0.44375 0.37 0.0145833333333333 0.0366666666666666
1 0.4541666666666666 0.4966666666666667 0.0354166666666666 0.05
3 0.5239583333333333 0.4333333333333333 0.0166666666666666 0.0433333333333333
3 0.5223958333333333 0.435 0.0114583333333333 0.03
3 0.5583333333333333 0.3883333333333333 0.01875 0.0533333333333333
3 0.5567708333333333 0.395 0.0114583333333333 0.0333333333333333