1 0.080078125 0.5400390625 0.046875 0.0703125
1 0.1171875 0.5390625 0.046875 0.0615234375
1 0.361328125 0.5341796875 0.1083984375 0.1552734375
4 0.37109375 0.4404296875 0.0185546875 0.0283203125
4 0.37109375 0.44921875 0.013671875 0.03125
3 0.4462890625 0.408203125 0.015625 0.0400390625
3 0.447265625 0.4052734375 0.01171875 0.0302734375
3 0.478515625 0.4501953125 0.017578125 0.0302734375
3 0.478515625 0.451171875 0.01171875 0.03515625
3 0.5361328125 0.4248046875 0.0166015625 0.056640625
3 0.5361328125 0.4228515625 0.0146484375 0.044921875
1 0.6943359375 0.505859375 0.103515625 0.087890625
1 0.83984375 0.6142578125 0.3154296875 0.3115234375