1 0.048828125 0.57421875 0.0966796875 0.20703125
1 0.22265625 0.5390625 0.0966796875 0.115234375
4 0.361328125 0.3818359375 0.0166015625 0.0537109375
4 0.3623046875 0.3837890625 0.01171875 0.0302734375
1 0.3916015625 0.525390625 0.0419921875 0.06640625
3 0.4326171875 0.3828125 0.0126953125 0.03515625
3 0.544921875 0.4580078125 0.0126953125 0.033203125
2 0.591796875 0.51953125 0.0166015625 0.06640625
2 0.6142578125 0.51953125 0.017578125 0.0615234375
3 0.6591796875 0.3603515625 0.0185546875 0.0703125
5 0.74609375 0.478515625 0.1826171875 0.126953125
2 0.6953125 0.5205078125 0.021484375 0.0986328125
1 0.75390625 0.51953125 0.099609375 0.0615234375