0 0.0140625 0.5491666666666667 0.0270833333333333 0.0783333333333333
4 0.059375 0.4383333333333333 0.0270833333333333 0.06
4 0.0588541666666666 0.4241666666666667 0.0135416666666666 0.0416666666666666
2 0.0796875 0.5333333333333333 0.0239583333333333 0.08
2 0.0854166666666666 0.5341666666666667 0.01875 0.075
2 0.1020833333333333 0.53 0.025 0.0733333333333333
1 0.1744791666666666 0.5191666666666667 0.078125 0.075
2 0.3026041666666667 0.5966666666666667 0.1239583333333333 0.3733333333333333
2 0.2864583333333333 0.5166666666666667 0.0166666666666666 0.0766666666666666
1 0.3307291666666667 0.4608333333333334 0.096875 0.125
5 0.3296875 0.4716666666666667 0.090625 0.14
2 0.3192708333333333 0.5033333333333334 0.0197916666666666 0.0766666666666666
2 0.3411458333333333 0.5041666666666667 0.0197916666666666 0.0783333333333333
2 0.3473958333333333 0.515 0.015625 0.0633333333333333
2 0.3619791666666667 0.5075000000000001 0.0177083333333333 0.0683333333333333
2 0.3640625 0.515 0.0114583333333333 0.0666666666666666
4 0.453125 0.3233333333333333 0.0208333333333333 0.0533333333333333
3 0.5234375 0.3241666666666667 0.021875 0.0683333333333333
3 0.6578125 0.4075 0.0197916666666666 0.0616666666666666
1 0.8411458333333334 0.5166666666666667 0.1052083333333333 0.0766666666666666