1 0.05078125 0.509765625 0.072265625 0.0869140625
4 0.0986328125 0.3564453125 0.0185546875 0.0498046875
4 0.099609375 0.34765625 0.015625 0.0380859375
1 0.140625 0.501953125 0.060546875 0.0703125
1 0.1865234375 0.5029296875 0.037109375 0.0634765625
3 0.177734375 0.3623046875 0.0166015625 0.03515625
3 0.1806640625 0.3701171875 0.0146484375 0.037109375
1 0.26953125 0.498046875 0.02734375 0.04296875
3 0.2822265625 0.447265625 0.013671875 0.03125
3 0.28515625 0.4404296875 0.0146484375 0.0400390625
1 0.6005859375 0.4736328125 0.06640625 0.037109375
3 0.5849609375 0.376953125 0.0185546875 0.037109375
3 0.5869140625 0.3662109375 0.015625 0.0537109375