1 0.9521484375 0.494140625 0.09375 0.0546875
3 0.0634765625 0.068359375 0.0830078125 0.1298828125
1 0.2099609375 0.515625 0.0673828125 0.08203125
1 0.4638671875 0.501953125 0.1064453125 0.056640625
3 0.572265625 0.0283203125 0.029296875 0.0537109375
3 0.5654296875 0.36328125 0.0146484375 0.046875
1 0.595703125 0.4912109375 0.0625 0.056640625
3 0.6533203125 0.3583984375 0.0166015625 0.0498046875
3 0.65234375 0.357421875 0.009765625 0.0380859375
3 0.728515625 0.4189453125 0.013671875 0.0478515625
3 0.80078125 0.0751953125 0.029296875 0.09375
1 0.8623046875 0.4892578125 0.072265625 0.0546875