2 0.5190104166666667 0.4916666666666667 0.0057291666666666 0.0266666666666666
1 0.0916666666666666 0.5066666666666667 0.04375 0.04
1 0.13125 0.5008333333333334 0.05625 0.0516666666666666
1 0.2567708333333333 0.5383333333333333 0.171875 0.1866666666666666
3 0.3286458333333333 0.3566666666666667 0.0239583333333333 0.04
3 0.3911458333333333 0.365 0.015625 0.03
3 0.3932291666666667 0.3608333333333333 0.015625 0.0416666666666666
3 0.4411458333333333 0.3691666666666667 0.0135416666666666 0.0316666666666666
3 0.4427083333333333 0.3783333333333333 0.0145833333333333 0.0266666666666666
3 0.54375 0.44 0.0104166666666666 0.03
3 0.553125 0.4183333333333333 0.0125 0.0233333333333333
3 0.5572916666666666 0.4108333333333334 0.01875 0.045
1 0.5651041666666666 0.4858333333333333 0.034375 0.0383333333333333