1 0.8890625 0.62375 0.2208333333333333 0.3341666666666666
1 0.1354166666666666 0.5191666666666667 0.0520833333333333 0.045
1 0.2057291666666666 0.4975 0.0760416666666666 0.085
1 0.2630208333333333 0.505 0.046875 0.0766666666666666
1 0.35625 0.4991666666666667 0.0333333333333333 0.045
3 0.3666666666666666 0.3741666666666667 0.0166666666666666 0.035
3 0.4234374999999999 0.3708333333333333 0.015625 0.0416666666666666
3 0.4229166666666666 0.375 0.0125 0.03
3 0.46875 0.3908333333333333 0.01875 0.0383333333333333
3 0.4677083333333333 0.3825 0.0145833333333333 0.0416666666666666
3 0.559375 0.4375 0.01875 0.045
3 0.559375 0.4416666666666667 0.0145833333333333 0.03
1 0.6432291666666666 0.5258333333333334 0.1052083333333333 0.1216666666666666
3 0.6645833333333333 0.405 0.0270833333333333 0.06
3 0.665625 0.4083333333333334 0.0145833333333333 0.0433333333333333