4 0.1020833333333333 0.3233333333333333 0.01875 0.0466666666666666
1 0.1838541666666666 0.5266666666666667 0.0364583333333333 0.0433333333333333
5 0.2604166666666667 0.4941666666666667 0.075 0.1516666666666666
3 0.2697916666666666 0.3408333333333334 0.0166666666666666 0.0483333333333333
1 0.4520833333333333 0.5808333333333334 0.1375 0.1483333333333333
3 0.4052083333333333 0.4275 0.0208333333333333 0.0516666666666666
2 0.571875 0.5408333333333334 0.0229166666666666 0.105
2 0.6005208333333333 0.5291666666666667 0.0197916666666666 0.115
2 0.6171875 0.5433333333333333 0.0177083333333333 0.1166666666666666
3 0.7005208333333334 0.2916666666666667 0.0302083333333333 0.1166666666666666
2 0.6973958333333333 0.5258333333333334 0.0177083333333333 0.1316666666666666
1 0.7651041666666667 0.5133333333333334 0.0989583333333333 0.0566666666666666
1 0.9338541666666668 0.5075000000000001 0.1260416666666666 0.0683333333333333