1 0.0567708333333333 0.545 0.1135416666666666 0.16
5 0.13125 0.4966666666666667 0.0854166666666666 0.0633333333333333
1 0.2453125 0.55 0.1114583333333333 0.11
3 0.3354166666666666 0.3516666666666667 0.0145833333333333 0.0366666666666666
3 0.4171875 0.3466666666666667 0.0135416666666666 0.0366666666666666
3 0.4833333333333333 0.35 0.0125 0.04
1 0.6192708333333333 0.54 0.1052083333333333 0.1233333333333333
3 0.6421875 0.4233333333333333 0.0177083333333333 0.0466666666666666
3 0.64375 0.4233333333333333 0.0145833333333333 0.0333333333333333
1 0.7088541666666667 0.5083333333333334 0.103125 0.0733333333333333
3 0.7604166666666666 0.3266666666666666 0.0291666666666666 0.0866666666666666