1 0.9067708333333332 0.59375 0.1854166666666666 0.2558333333333333
5 0.1135416666666666 0.4641666666666666 0.1104166666666666 0.0583333333333333
5 0.1291666666666666 0.4666666666666667 0.125 0.0766666666666666
1 0.2442708333333333 0.495 0.034375 0.06
1 0.2661458333333333 0.4941666666666667 0.0260416666666666 0.0516666666666666
1 0.2848958333333333 0.4891666666666667 0.0177083333333333 0.045
4 0.4635416666666667 0.4433333333333333 0.01875 0.04
3 0.5177083333333333 0.4091666666666667 0.0166666666666666 0.0383333333333333
3 0.5427083333333333 0.4416666666666667 0.0145833333333333 0.0366666666666666
3 0.5442708333333334 0.4383333333333333 0.015625 0.02
3 0.5796875 0.4275 0.0177083333333333 0.0283333333333333
3 0.5802083333333333 0.4283333333333333 0.0145833333333333 0.0433333333333333
1 0.6848958333333334 0.5125000000000001 0.103125 0.115