1 0.0921875 0.52 0.0822916666666666 0.0566666666666666
3 0.0864583333333333 0.2675 0.01875 0.0683333333333333
1 0.35 0.5825 0.2354166666666666 0.245
3 0.2619791666666666 0.3625 0.0197916666666666 0.055
3 0.3302083333333333 0.3058333333333333 0.0166666666666666 0.0483333333333333
3 0.3776041666666667 0.4091666666666667 0.0114583333333333 0.025
3 0.4145833333333333 0.44 0.0145833333333333 0.0333333333333333
1 0.4494791666666666 0.5066666666666667 0.0260416666666666 0.05
1 0.4994791666666666 0.5208333333333334 0.028125 0.0483333333333333
3 0.5 0.395 0.01875 0.0366666666666666
1 0.6057291666666667 0.5325000000000001 0.0864583333333333 0.0783333333333333
5 0.7536458333333333 0.4908333333333333 0.0864583333333333 0.0683333333333333
1 0.8786458333333333 0.5766666666666667 0.240625 0.2
3 0.7776041666666667 0.4075 0.0177083333333333 0.0516666666666666
3 0.8083333333333333 0.3533333333333333 0.0166666666666666 0.0433333333333333