1 0.2060546875 0.5263671875 0.052734375 0.046875
4 0.359375 0.421875 0.0205078125 0.0400390625
4 0.359375 0.4267578125 0.0166015625 0.0400390625
1 0.4208984375 0.5419921875 0.0576171875 0.1337890625
3 0.462890625 0.3720703125 0.0185546875 0.0634765625
3 0.4609375 0.3662109375 0.01171875 0.033203125
3 0.50390625 0.4384765625 0.0205078125 0.0537109375
3 0.501953125 0.4326171875 0.01171875 0.03515625
3 0.607421875 0.369140625 0.025390625 0.08203125
3 0.6064453125 0.369140625 0.021484375 0.068359375
1 0.765625 0.5146484375 0.0810546875 0.080078125
1 0.943359375 0.5126953125 0.1103515625 0.1552734375