1 0.028125 0.5583333333333333 0.05625 0.0733333333333333
1 0.0744791666666666 0.5541666666666667 0.053125 0.065
1 0.2489583333333333 0.54 0.0791666666666666 0.0566666666666666
4 0.3703125 0.4475 0.0177083333333333 0.0416666666666666
4 0.3677083333333333 0.4466666666666667 0.0125 0.0366666666666666
1 0.4276041666666667 0.5366666666666667 0.040625 0.09
3 0.4557291666666667 0.4033333333333334 0.015625 0.04
3 0.4557291666666667 0.4033333333333334 0.0114583333333333 0.03
3 0.4895833333333333 0.4541666666666667 0.0166666666666666 0.0383333333333333
3 0.4880208333333333 0.4558333333333333 0.0114583333333333 0.035
3 0.5572916666666666 0.42 0.0166666666666666 0.0566666666666666
3 0.5572916666666666 0.4141666666666667 0.0145833333333333 0.045
1 0.7770833333333333 0.5016666666666667 0.1354166666666666 0.1
1 0.9140625 0.4966666666666667 0.0802083333333333 0.1133333333333333
1 0.9484375 0.5025000000000001 0.1010416666666666 0.1283333333333333