1 0.15234375 0.5283203125 0.10546875 0.146484375
1 0.24609375 0.5341796875 0.033203125 0.05859375
1 0.2724609375 0.53125 0.041015625 0.0634765625
1 0.306640625 0.5224609375 0.0380859375 0.05859375
1 0.3701171875 0.5263671875 0.0322265625 0.0400390625
3 0.3837890625 0.4130859375 0.0087890625 0.0234375
1 0.515625 0.5244140625 0.0498046875 0.0654296875
1 0.5634765625 0.517578125 0.0361328125 0.0712890625
3 0.5830078125 0.4345703125 0.015625 0.0380859375
1 0.607421875 0.5224609375 0.044921875 0.0712890625
1 0.638671875 0.53125 0.0771484375 0.078125