1 0.2510416666666666 0.5166666666666667 0.0770833333333333 0.0766666666666666
1 0.3442708333333333 0.5166666666666667 0.0489583333333333 0.0466666666666666
3 0.3723958333333333 0.4691666666666667 0.0239583333333333 0.0583333333333333
3 0.3770833333333333 0.4641666666666666 0.0166666666666666 0.0516666666666666
1 0.4526041666666666 0.5133333333333334 0.0385416666666666 0.04
3 0.5072916666666667 0.3091666666666667 0.0166666666666666 0.035
4 0.50625 0.3158333333333333 0.0145833333333333 0.0383333333333333
1 0.5489583333333333 0.5316666666666667 0.08125 0.1033333333333333
3 0.5354166666666667 0.425 0.01875 0.05
3 0.5369791666666667 0.4308333333333333 0.015625 0.0383333333333333
3 0.5859375 0.43 0.015625 0.04
3 0.590625 0.42 0.0145833333333333 0.04
3 0.5942708333333333 0.3391666666666666 0.0197916666666666 0.0483333333333333
3 0.5958333333333333 0.3458333333333334 0.0166666666666666 0.0416666666666666
1 0.6114583333333333 0.5258333333333334 0.0270833333333333 0.0816666666666666
1 0.6494791666666666 0.5408333333333334 0.0427083333333333 0.095
3 0.6385416666666667 0.4608333333333334 0.0104166666666666 0.0283333333333333
1 0.6901041666666666 0.5533333333333333 0.0572916666666666 0.1166666666666666
3 0.7041666666666666 0.4391666666666667 0.01875 0.0516666666666666
3 0.7036458333333333 0.4308333333333333 0.015625 0.0416666666666666
3 0.7552083333333334 0.3941666666666666 0.0166666666666666 0.035
3 0.7583333333333333 0.4108333333333334 0.0229166666666666 0.0583333333333333
2 0.9921875 0.5108333333333334 0.0135416666666666 0.0783333333333333