2 0.53125 0.4933333333333333 0.00625 0.0283333333333333
1 0.0645833333333333 0.5025000000000001 0.0520833333333333 0.045
1 0.103125 0.5058333333333334 0.0604166666666666 0.0616666666666666
1 0.2182291666666666 0.5483333333333333 0.2302083333333333 0.2266666666666666
3 0.3182291666666667 0.3366666666666666 0.0239583333333333 0.04
3 0.390625 0.3408333333333334 0.01875 0.055
3 0.3911458333333333 0.35 0.015625 0.03
3 0.4447916666666666 0.3683333333333333 0.0145833333333333 0.0266666666666666
3 0.4458333333333333 0.3575 0.0125 0.045
3 0.5604166666666667 0.4266666666666667 0.01875 0.04
3 0.5583333333333333 0.4333333333333333 0.0104166666666666 0.03
1 0.5796875 0.4941666666666667 0.034375 0.0383333333333333
3 0.575 0.4008333333333334 0.01875 0.045
3 0.5802083333333333 0.4066666666666667 0.0125 0.0233333333333333
1 0.8119791666666667 0.4833333333333333 0.096875 0.0633333333333333