1 0.05078125 0.51171875 0.099609375 0.1669921875
1 0.263671875 0.5078125 0.06640625 0.0712890625
1 0.3232421875 0.4951171875 0.0498046875 0.06640625
3 0.31640625 0.4453125 0.0126953125 0.0302734375
1 0.4228515625 0.490234375 0.0302734375 0.0498046875
3 0.439453125 0.396484375 0.013671875 0.0263671875
3 0.478515625 0.40625 0.0146484375 0.0263671875
3 0.5517578125 0.4501953125 0.015625 0.0234375
1 0.5625 0.4970703125 0.0224609375 0.0751953125
1 0.5927734375 0.509765625 0.056640625 0.080078125
3 0.578125 0.4453125 0.0126953125 0.0263671875
1 0.6767578125 0.5234375 0.076171875 0.2099609375