1 0.0755208333333333 0.5458333333333334 0.0114583333333333 0.0316666666666666
1 0.221875 0.5433333333333333 0.0395833333333333 0.05
1 0.2578125 0.525 0.0197916666666666 0.0266666666666666
3 0.2588541666666666 0.4041666666666667 0.0177083333333333 0.045
4 0.2598958333333333 0.4025 0.0135416666666666 0.0383333333333333
1 0.315625 0.54 0.0145833333333333 0.0533333333333333
5 0.3421875 0.5216666666666667 0.053125 0.1066666666666666
3 0.3375 0.3941666666666666 0.0125 0.0416666666666666
3 0.3989583333333333 0.3933333333333333 0.0125 0.04
3 0.6182291666666666 0.4075 0.0177083333333333 0.0583333333333333
1 0.7046875 0.5325000000000001 0.0864583333333333 0.0516666666666666