1 0.0654296875 0.5595703125 0.060546875 0.04296875
1 0.16015625 0.556640625 0.02734375 0.04296875
1 0.23046875 0.5556640625 0.0380859375 0.0517578125
1 0.3828125 0.5849609375 0.1181640625 0.169921875
4 0.3623046875 0.2900390625 0.02734375 0.0771484375
3 0.4931640625 0.314453125 0.02734375 0.0751953125
1 0.677734375 0.5966796875 0.203125 0.236328125
3 0.60546875 0.34375 0.03125 0.0751953125
3 0.609375 0.337890625 0.0205078125 0.056640625
3 0.7412109375 0.443359375 0.0224609375 0.0498046875
1 0.7822265625 0.5498046875 0.0576171875 0.0634765625
1 0.935546875 0.818359375 0.1240234375 0.3603515625