1 0.0463541666666666 0.6075 0.0916666666666666 0.3283333333333333
1 0.3260416666666667 0.6566666666666667 0.3208333333333333 0.4133333333333334
4 0.2786458333333333 0.28 0.0239583333333333 0.0666666666666666
3 0.3901041666666666 0.2858333333333333 0.0239583333333333 0.075
2 0.4932291666666666 0.5266666666666667 0.0239583333333333 0.07
2 0.540625 0.525 0.01875 0.0733333333333333
2 0.5401041666666666 0.5216666666666667 0.015625 0.07
2 0.5494791666666666 0.5175000000000001 0.0177083333333333 0.0816666666666666
3 0.5635416666666666 0.4133333333333334 0.0270833333333333 0.0733333333333333
2 0.5729166666666666 0.5175000000000001 0.0166666666666666 0.0783333333333333
2 0.5901041666666667 0.515 0.0260416666666666 0.0833333333333333
0 0.628125 0.5275000000000001 0.0333333333333333 0.0916666666666666
0 0.6552083333333333 0.5258333333333334 0.0333333333333333 0.0883333333333333
2 0.6869791666666667 0.5275000000000001 0.021875 0.0816666666666666
2 0.7026041666666667 0.525 0.021875 0.0866666666666666
2 0.7244791666666667 0.5216666666666667 0.0197916666666666 0.0866666666666666
2 0.853125 0.52 0.0395833333333333 0.14
2 0.8869791666666667 0.5125000000000001 0.028125 0.0883333333333333
2 0.9104166666666668 0.5 0.0166666666666666 0.06
2 0.9119791666666668 0.4975 0.0197916666666666 0.045