1 0.1817708333333333 0.6166666666666667 0.3635416666666666 0.6066666666666667
4 0.346875 0.41 0.0208333333333333 0.04
4 0.346875 0.4316666666666667 0.01875 0.07
3 0.4760416666666666 0.3525 0.025 0.0616666666666666
3 0.4744791666666667 0.3533333333333333 0.015625 0.0466666666666666
1 0.509375 0.5358333333333334 0.0541666666666666 0.0616666666666666
3 0.5255208333333333 0.4316666666666667 0.0177083333333333 0.0533333333333333
2 0.6567708333333333 0.5275000000000001 0.015625 0.075
2 0.6776041666666667 0.5283333333333333 0.0197916666666666 0.0833333333333333
2 0.678125 0.5266666666666667 0.0125 0.0633333333333333
3 0.7057291666666666 0.3108333333333333 0.0322916666666666 0.1083333333333333
1 0.8692708333333333 0.5533333333333333 0.0427083333333333 0.07
1 0.9760416666666668 0.5358333333333334 0.0458333333333333 0.115