2 0.01875 0.5125000000000001 0.0208333333333333 0.065
2 0.05625 0.5325000000000001 0.0166666666666666 0.0816666666666666
2 0.0739583333333333 0.5391666666666667 0.0208333333333333 0.0816666666666666
2 0.090625 0.5308333333333334 0.0208333333333333 0.075
1 0.1911458333333333 0.5308333333333334 0.1114583333333333 0.0716666666666666
3 0.2614583333333333 0.4266666666666667 0.0229166666666666 0.0566666666666666
1 0.4578125 0.5316666666666667 0.078125 0.16
3 0.5072916666666667 0.4091666666666667 0.0208333333333333 0.0616666666666666
2 0.5354166666666667 0.5216666666666667 0.025 0.1066666666666666
2 0.5479166666666666 0.515 0.0145833333333333 0.1033333333333333
2 0.5723958333333333 0.5166666666666667 0.021875 0.1
2 0.5755208333333334 0.4966666666666667 0.021875 0.07
1 0.8276041666666667 0.5591666666666667 0.3364583333333333 0.325