3 0.0615234375 0.0703125 0.0908203125 0.13671875
1 0.166015625 0.5048828125 0.087890625 0.0830078125
5 0.2001953125 0.4912109375 0.056640625 0.087890625
1 0.4755859375 0.4990234375 0.0341796875 0.0478515625
3 0.5712890625 0.0263671875 0.029296875 0.052734375
3 0.5654296875 0.3642578125 0.015625 0.0478515625
3 0.6533203125 0.357421875 0.0166015625 0.0517578125
3 0.728515625 0.41796875 0.0146484375 0.0478515625
3 0.80078125 0.0751953125 0.029296875 0.0966796875
1 0.86328125 0.4921875 0.08203125 0.0517578125
1 0.9208984375 0.486328125 0.103515625 0.056640625