1 0.2125 0.4841666666666667 0.06875 0.075
4 0.2109375 0.235 0.021875 0.0766666666666666
3 0.3473958333333333 0.2416666666666666 0.021875 0.0633333333333333
1 0.3916666666666666 0.4625 0.0270833333333333 0.055
3 0.4333333333333333 0.2541666666666667 0.0291666666666666 0.0583333333333333
1 0.4802083333333333 0.4725 0.0333333333333333 0.0416666666666666
5 0.5265625 0.455 0.0427083333333333 0.0766666666666666
5 0.525 0.4558333333333333 0.0395833333333333 0.0616666666666666
3 0.6244791666666667 0.3658333333333333 0.0197916666666666 0.055
3 0.625 0.365 0.0166666666666666 0.0533333333333333
3 0.8119791666666667 0.2416666666666666 0.034375 0.1166666666666666
3 0.8135416666666666 0.2483333333333333 0.0291666666666666 0.12