1 0.3302083333333333 0.65 0.325 0.41
4 0.28125 0.2766666666666666 0.01875 0.0533333333333333
4 0.2838541666666667 0.275 0.0197916666666666 0.06
3 0.3916666666666666 0.2875 0.0145833333333333 0.0583333333333333
2 0.5677083333333334 0.5175000000000001 0.0270833333333333 0.075
3 0.5640625 0.4083333333333334 0.015625 0.0533333333333333
2 0.565625 0.5225000000000001 0.0166666666666666 0.0816666666666666
2 0.5734375 0.5183333333333333 0.0135416666666666 0.07
2 0.5901041666666667 0.51 0.0197916666666666 0.0633333333333333
0 0.6697916666666667 0.52 0.0395833333333333 0.1033333333333333
0 0.66875 0.5225000000000001 0.0229166666666666 0.0816666666666666
0 0.7838541666666666 0.5216666666666667 0.0677083333333333 0.1033333333333333
0 0.7822916666666666 0.5208333333333334 0.05 0.085
1 0.9708333333333332 0.5116666666666667 0.0541666666666666 0.08