3 0.0583333333333333 0.4383333333333333 0.01875 0.0433333333333333
4 0.0583333333333333 0.4475 0.0166666666666666 0.0483333333333333
3 0.2072916666666666 0.3516666666666667 0.01875 0.0366666666666666
1 0.2776041666666666 0.5091666666666667 0.0739583333333333 0.0916666666666666
3 0.2760416666666667 0.3566666666666667 0.01875 0.0333333333333333
1 0.4322916666666667 0.5525 0.2916666666666667 0.4183333333333333
3 0.5651041666666666 0.3775 0.0260416666666666 0.085
3 0.571875 0.3616666666666667 0.0333333333333333 0.06
2 0.7572916666666667 0.5033333333333334 0.0520833333333333 0.1366666666666667
2 0.7635416666666667 0.5175000000000001 0.0354166666666666 0.145
1 0.8765625 0.6183333333333334 0.2447916666666666 0.2833333333333333