1 0.1213541666666666 0.5033333333333334 0.059375 0.06
1 0.1890625 0.4991666666666667 0.0385416666666666 0.0416666666666666
3 0.4026041666666666 0.3791666666666667 0.015625 0.0416666666666666
3 0.4046875 0.3833333333333333 0.015625 0.03
3 0.440625 0.3933333333333333 0.0145833333333333 0.0266666666666666
3 0.4411458333333333 0.3858333333333333 0.0135416666666666 0.0316666666666666
3 0.5302083333333333 0.4275 0.01875 0.045
3 0.5265625 0.4433333333333333 0.0114583333333333 0.02
3 0.5354166666666667 0.43 0.0125 0.0233333333333333
1 0.615625 0.5116666666666667 0.1104166666666666 0.11
1 0.8682291666666666 0.475 0.1197916666666666 0.07