4 0.05 0.4416666666666667 0.025 0.06
0 0.0546875 0.5466666666666667 0.034375 0.07
0 0.05 0.5433333333333333 0.0166666666666666 0.0666666666666666
2 0.0807291666666666 0.5383333333333333 0.0239583333333333 0.08
2 0.0838541666666666 0.5416666666666667 0.0260416666666666 0.0766666666666666
0 0.0802083333333333 0.5375000000000001 0.0104166666666666 0.0683333333333333
1 0.171875 0.525 0.0875 0.0733333333333333
5 0.1734375 0.5216666666666667 0.0822916666666666 0.0833333333333333
5 0.2354166666666666 0.5116666666666667 0.05625 0.0566666666666666
1 0.2421875 0.5341666666666667 0.0572916666666666 0.0483333333333333
2 0.2848958333333333 0.5133333333333334 0.0239583333333333 0.0733333333333333
5 0.3270833333333333 0.4816666666666667 0.1 0.1466666666666666
1 0.428125 0.5141666666666667 0.0354166666666666 0.035
4 0.4484375 0.325 0.0197916666666666 0.06
1 0.4651041666666666 0.5133333333333334 0.028125 0.04
3 0.5182291666666666 0.3258333333333333 0.0239583333333333 0.065
3 0.6552083333333333 0.4116666666666667 0.0229166666666666 0.0666666666666666
1 0.8994791666666666 0.5850000000000001 0.196875 0.3966666666666666