1 0.142578125 0.478515625 0.1142578125 0.103515625
1 0.279296875 0.4921875 0.134765625 0.1513671875
4 0.267578125 0.3427734375 0.021484375 0.0546875
4 0.271484375 0.3447265625 0.01953125 0.04296875
3 0.3447265625 0.337890625 0.01953125 0.044921875
3 0.3466796875 0.337890625 0.017578125 0.04296875
1 0.3642578125 0.4990234375 0.03515625 0.10546875
3 0.4033203125 0.34375 0.0146484375 0.037109375
3 0.4072265625 0.3408203125 0.017578125 0.044921875
0 0.5341796875 0.494140625 0.025390625 0.0751953125
0 0.541015625 0.494140625 0.0244140625 0.078125
3 0.5478515625 0.4150390625 0.013671875 0.0302734375
1 0.59765625 0.4736328125 0.048828125 0.046875
3 0.5888671875 0.3779296875 0.0185546875 0.0654296875
3 0.5869140625 0.3720703125 0.015625 0.0478515625