1 0.2171875 0.7025 0.4322916666666667 0.4816666666666667
2 0.1270833333333333 0.4158333333333333 0.0145833333333333 0.0316666666666666
3 0.1489583333333333 0.3983333333333334 0.0166666666666666 0.0533333333333333
1 0.3885416666666667 0.5283333333333333 0.03125 0.0433333333333333
3 0.5265625 0.3708333333333333 0.0197916666666666 0.0683333333333333
2 0.6354166666666666 0.5275000000000001 0.0166666666666666 0.075
2 0.6520833333333333 0.5241666666666667 0.0208333333333333 0.075
2 0.6723958333333333 0.5341666666666667 0.0260416666666666 0.095
2 0.8395833333333333 0.5283333333333333 0.04375 0.24
2 0.8958333333333334 0.5266666666666667 0.0479166666666666 0.24
2 0.9791666666666666 0.5533333333333333 0.0375 0.2266666666666666