3 0.2270833333333333 0.4275 0.0270833333333333 0.0283333333333333
3 0.2286458333333333 0.4408333333333333 0.0239583333333333 0.0616666666666666
1 0.3348958333333333 0.5475 0.0260416666666666 0.0383333333333333
1 0.409375 0.5533333333333333 0.0395833333333333 0.0366666666666666
3 0.4312499999999999 0.33 0.01875 0.06
3 0.4312499999999999 0.32 0.01875 0.03
1 0.4578125 0.5466666666666667 0.040625 0.0466666666666666
3 0.5671875 0.4183333333333333 0.021875 0.04
3 0.5703125 0.4366666666666667 0.0177083333333333 0.06
3 0.7354166666666666 0.2341666666666667 0.0458333333333333 0.1583333333333333
3 0.7348958333333333 0.205 0.0322916666666666 0.05