1 0.0458333333333333 0.4966666666666667 0.0583333333333333 0.0366666666666666
3 0.2057291666666666 0.4475 0.0177083333333333 0.0416666666666666
1 0.275 0.515 0.0520833333333333 0.0566666666666666
1 0.3348958333333333 0.5133333333333334 0.071875 0.0833333333333333
3 0.3770833333333333 0.3833333333333333 0.0145833333333333 0.0366666666666666
3 0.4322916666666667 0.3933333333333333 0.01875 0.03
3 0.51875 0.4416666666666667 0.0145833333333333 0.0333333333333333
3 0.5619791666666667 0.4141666666666667 0.0197916666666666 0.055
3 0.5635416666666666 0.42 0.0145833333333333 0.03
1 0.609375 0.4766666666666667 0.0708333333333333 0.0533333333333333
1 0.6583333333333333 0.4766666666666667 0.0375 0.04
1 0.7125 0.4733333333333334 0.0458333333333333 0.0466666666666666
1 0.75625 0.4733333333333334 0.0645833333333333 0.0466666666666666