3 0.0634765625 0.068359375 0.0869140625 0.1337890625
1 0.2353515625 0.5166015625 0.125 0.11328125
1 0.314453125 0.5029296875 0.0556640625 0.0546875
1 0.474609375 0.4951171875 0.02734375 0.037109375
3 0.572265625 0.02734375 0.029296875 0.0517578125
3 0.5654296875 0.36328125 0.0146484375 0.046875
1 0.6806640625 0.486328125 0.0791015625 0.0703125
3 0.6533203125 0.3583984375 0.0166015625 0.0498046875
3 0.65234375 0.357421875 0.009765625 0.0380859375
3 0.728515625 0.4189453125 0.013671875 0.0478515625
3 0.80078125 0.0751953125 0.029296875 0.09375
1 0.9208984375 0.486328125 0.103515625 0.056640625