1 0.1166666666666666 0.5033333333333334 0.05 0.0233333333333333
1 0.3552083333333333 0.49 0.0791666666666666 0.08
3 0.4354166666666667 0.3841666666666667 0.0145833333333333 0.0316666666666666
3 0.4385416666666666 0.385 0.0145833333333333 0.0366666666666666
3 0.4739583333333333 0.385 0.0145833333333333 0.03
3 0.4786458333333333 0.3866666666666667 0.0177083333333333 0.0266666666666666
3 0.5723958333333333 0.4433333333333333 0.0135416666666666 0.0266666666666666
3 0.578125 0.435 0.0166666666666666 0.0366666666666666
1 0.628125 0.4966666666666667 0.0958333333333333 0.0933333333333333
3 0.6 0.4283333333333333 0.0145833333333333 0.0333333333333333
3 0.6010416666666667 0.4275 0.0145833333333333 0.0383333333333333
0 0.6864583333333333 0.515 0.0416666666666666 0.17
0 0.6901041666666666 0.5166666666666667 0.0427083333333333 0.1633333333333333