1 0.8333333333333334 0.5204166666666667 0.3322916666666666 0.2375
2 0.009375 0.5075000000000001 0.0166666666666666 0.035
1 0.1229166666666666 0.5383333333333333 0.0979166666666666 0.1066666666666666
1 0.2208333333333333 0.5275000000000001 0.1020833333333333 0.125
1 0.2786458333333333 0.515 0.028125 0.08
1 0.4026041666666666 0.505 0.0135416666666666 0.0466666666666666
1 0.4354166666666667 0.5091666666666667 0.0479166666666666 0.0483333333333333
3 0.5822916666666667 0.2975 0.0291666666666666 0.0916666666666666
2 0.5895833333333333 0.5 0.01875 0.1266666666666666
2 0.6317708333333333 0.4883333333333333 0.028125 0.13
2 0.6505208333333333 0.4816666666666667 0.0197916666666666 0.1266666666666666
2 0.6765625 0.4833333333333333 0.028125 0.1066666666666666