2 0.178125 0.5583333333333333 0.0395833333333333 0.1333333333333333
2 0.1885416666666666 0.5166666666666667 0.025 0.0833333333333333
2 0.1885416666666666 0.5483333333333333 0.0166666666666666 0.1333333333333333
1 0.1979166666666666 0.5525 0.0333333333333333 0.1216666666666666
2 0.2046875 0.54 0.0302083333333333 0.12
0 0.2729166666666666 0.5225000000000001 0.0270833333333333 0.0716666666666666
0 0.2734375 0.5216666666666667 0.0197916666666666 0.06
2 0.2776041666666666 0.5216666666666667 0.0197916666666666 0.06
0 0.2848958333333333 0.5183333333333333 0.0197916666666666 0.0566666666666666
1 0.3890625 0.5191666666666667 0.1114583333333333 0.055
2 0.490625 0.5483333333333333 0.0291666666666666 0.1166666666666666
1 0.5578125 0.5125000000000001 0.1427083333333333 0.0916666666666666
2 0.5265625 0.5375000000000001 0.034375 0.1416666666666666
1 0.6614583333333334 0.5008333333333334 0.1041666666666666 0.0783333333333333
2 0.8010416666666667 0.6266666666666667 0.1520833333333333 0.5333333333333333
2 0.8182291666666667 0.5775 0.0760416666666666 0.4016666666666666
2 0.81875 0.5800000000000001 0.0541666666666666 0.41
2 0.9005208333333333 0.5991666666666667 0.165625 0.5316666666666667