2 0.3627604166666666 0.5283333333333333 0.0265625 0.13
1 0.28359375 0.5366666666666667 0.0380208333333333 0.0516666666666666
1 0.1809895833333333 0.5566666666666668 0.0817708333333333 0.09
3 0.0166666666666666 0.3591666666666667 0.0322916666666666 0.0916666666666666
2 0.1515625 0.5141666666666667 0.0135416666666666 0.0183333333333333
3 0.5203125 0.3283333333333333 0.034375 0.0966666666666666
2 0.5885416666666666 0.52 0.0375 0.0933333333333333
2 0.6276041666666666 0.5108333333333334 0.0135416666666666 0.115
2 0.6572916666666666 0.51 0.0354166666666666 0.11
2 0.6557291666666667 0.51 0.021875 0.09
1 0.803125 0.5258333333333334 0.2625 0.1316666666666666
2 0.8598958333333333 0.48 0.034375 0.1466666666666666