0 0.0239583333333333 0.5595833333333333 0.046875 0.1025
2 0.0697916666666666 0.55 0.01875 0.1
2 0.0901041666666666 0.55 0.0177083333333333 0.0833333333333333
3 0.134375 0.4041666666666667 0.025 0.0616666666666666
1 0.3052083333333333 0.5341666666666667 0.0854166666666666 0.1216666666666666
3 0.5078125 0.3775 0.0197916666666666 0.0683333333333333
2 0.5890625 0.4958333333333333 0.0197916666666666 0.055
2 0.6020833333333333 0.5158333333333334 0.03125 0.105
2 0.6036458333333333 0.5275000000000001 0.028125 0.105
2 0.6125 0.51 0.0145833333333333 0.0733333333333333
2 0.6203125 0.5391666666666667 0.0197916666666666 0.0583333333333333
1 0.7427083333333333 0.5258333333333334 0.2333333333333333 0.155
2 0.6671875 0.5583333333333333 0.059375 0.2933333333333333
2 0.7390625 0.5516666666666667 0.0260416666666666 0.2133333333333333
2 0.7598958333333333 0.5408333333333334 0.0322916666666666 0.2383333333333333
2 0.7916666666666666 0.5325000000000001 0.04375 0.2316666666666667
2 0.7989583333333333 0.5358333333333334 0.05 0.2283333333333333