3 0.0822916666666666 0.0783333333333333 0.1645833333333333 0.1566666666666666
1 0.2078124999999999 0.525 0.1510416666666666 0.1233333333333333
1 0.4307291666666666 0.5016666666666667 0.0552083333333333 0.0633333333333333
1 0.4942708333333333 0.495 0.0322916666666666 0.0433333333333333
3 0.565625 0.3641666666666667 0.01875 0.0583333333333333
1 0.6380208333333334 0.4816666666666667 0.053125 0.0566666666666666
3 0.6526041666666667 0.3558333333333333 0.015625 0.0416666666666666
1 0.6807291666666666 0.5033333333333334 0.059375 0.0633333333333333
1 0.6885416666666666 0.4691666666666667 0.04375 0.0283333333333333
3 0.7260416666666667 0.4141666666666667 0.0166666666666666 0.0483333333333333
1 0.7838541666666666 0.5075000000000001 0.109375 0.1083333333333333
3 0.8010416666666667 0.0766666666666666 0.05 0.1166666666666666
3 0.8005208333333333 0.0741666666666666 0.0260416666666666 0.0916666666666666