5 0.2770833333333333 0.4716666666666667 0.06875 0.1166666666666666
1 0.35 0.4866666666666667 0.0708333333333333 0.0933333333333333
4 0.3552083333333333 0.3383333333333334 0.0166666666666666 0.0533333333333333
3 0.4401041666666667 0.3516666666666667 0.0135416666666666 0.0466666666666666
1 0.4552083333333333 0.4958333333333333 0.04375 0.0616666666666666
3 0.4921875 0.3508333333333333 0.015625 0.0383333333333333
1 0.5166666666666666 0.4891666666666667 0.0333333333333333 0.0416666666666666
5 0.5473958333333333 0.4708333333333334 0.028125 0.0483333333333333
3 0.6026041666666666 0.4175 0.0177083333333333 0.045
3 0.603125 0.4216666666666667 0.0145833333333333 0.0366666666666666
3 0.6494791666666666 0.3991666666666666 0.021875 0.0516666666666666
3 0.65 0.39 0.0166666666666666 0.0533333333333333
1 0.740625 0.4858333333333333 0.0854166666666666 0.0483333333333333