3 0.1765625 0.4575 0.0177083333333333 0.0416666666666666
1 0.24375 0.5358333333333334 0.0604166666666666 0.055
1 0.3114583333333333 0.5375000000000001 0.075 0.0916666666666666
3 0.36875 0.3916666666666667 0.0145833333333333 0.0366666666666666
3 0.4291666666666666 0.3891666666666667 0.0208333333333333 0.0483333333333333
3 0.4302083333333333 0.395 0.01875 0.03
3 0.5234375 0.455 0.0239583333333333 0.05
3 0.5197916666666667 0.4616666666666666 0.0145833333333333 0.0333333333333333
3 0.5755208333333334 0.4175 0.0197916666666666 0.055
3 0.5770833333333333 0.43 0.0145833333333333 0.03
1 0.6182291666666666 0.5025000000000001 0.0822916666666666 0.0516666666666666
1 0.678125 0.5016666666666667 0.0375 0.0333333333333333
1 0.73125 0.505 0.0458333333333333 0.0466666666666666
1 0.7880208333333333 0.4975 0.0760416666666666 0.055
1 0.8458333333333333 0.495 0.0479166666666666 0.0466666666666666