1 0.9533854166666668 0.5079166666666667 0.0921875 0.0775
5 0.109375 0.4933333333333333 0.0958333333333333 0.07
5 0.1109375 0.4891666666666667 0.0697916666666666 0.0483333333333333
1 0.2041666666666666 0.5033333333333334 0.04375 0.0433333333333333
1 0.2489583333333333 0.5033333333333334 0.0479166666666666 0.04
1 0.4140625 0.4983333333333333 0.0302083333333333 0.05
3 0.4651041666666666 0.4091666666666667 0.0114583333333333 0.035
3 0.4984375 0.41 0.015625 0.0333333333333333
3 0.5729166666666666 0.45 0.0145833333333333 0.03
1 0.5989583333333334 0.4891666666666667 0.0291666666666666 0.0716666666666666
3 0.5932291666666667 0.45 0.0135416666666666 0.03
5 0.6614583333333334 0.4875 0.1083333333333333 0.1383333333333333
2 0.7421875 0.4991666666666667 0.0239583333333333 0.0916666666666666