5 0.0453125 0.5375000000000001 0.0864583333333333 0.085
5 0.1072916666666666 0.5308333333333334 0.0666666666666666 0.085
1 0.1984375 0.5433333333333333 0.0552083333333333 0.0566666666666666
1 0.3588541666666666 0.5625 0.1760416666666666 0.2416666666666666
3 0.3166666666666666 0.3416666666666667 0.0208333333333333 0.05
3 0.4140625 0.3275 0.0260416666666666 0.0583333333333333
3 0.4156249999999999 0.3391666666666666 0.0166666666666666 0.055
1 0.4484375 0.54 0.0385416666666666 0.12
3 0.4927083333333333 0.3316666666666666 0.0270833333333333 0.0733333333333333
3 0.4927083333333333 0.3316666666666666 0.0166666666666666 0.0466666666666666
1 0.5328125 0.5133333333333334 0.0760416666666666 0.0966666666666666
1 0.6270833333333333 0.545 0.0458333333333333 0.1166666666666666
3 0.6796875 0.435 0.0197916666666666 0.0566666666666666
1 0.9380208333333332 0.5191666666666667 0.0885416666666666 0.075
3 0.9390625 0.26 0.046875 0.14