1 0.0859375 0.5016666666666667 0.059375 0.0566666666666666
1 0.1578125 0.525 0.0572916666666666 0.06
3 0.2223958333333333 0.4475 0.0177083333333333 0.0416666666666666
1 0.2989583333333333 0.515 0.0395833333333333 0.0566666666666666
1 0.3458333333333333 0.5133333333333334 0.0604166666666666 0.0733333333333333
3 0.3822916666666666 0.3833333333333333 0.0145833333333333 0.0366666666666666
3 0.434375 0.3933333333333333 0.01875 0.03
3 0.5140625 0.4416666666666667 0.0135416666666666 0.0333333333333333
3 0.5515625 0.4208333333333333 0.0197916666666666 0.055
3 0.5489583333333333 0.4291666666666667 0.0145833333333333 0.0283333333333333
1 0.5927083333333333 0.4791666666666667 0.0645833333333333 0.0416666666666666
1 0.6421875 0.4775 0.0302083333333333 0.0416666666666666
1 0.7151041666666667 0.4766666666666667 0.040625 0.04