2 0.865625 0.5108333333333334 0.0520833333333333 0.2716666666666666
1 0.1270833333333333 0.5516666666666667 0.05625 0.06
4 0.2552083333333333 0.3066666666666667 0.01875 0.05
4 0.2567708333333333 0.3108333333333333 0.0177083333333333 0.0483333333333333
3 0.3557291666666666 0.295 0.0177083333333333 0.0433333333333333
3 0.3625 0.295 0.0208333333333333 0.05
1 0.4234374999999999 0.52 0.028125 0.04
3 0.51875 0.4116666666666667 0.0229166666666666 0.0366666666666666
3 0.5208333333333334 0.4075 0.0125 0.0416666666666666
2 0.5296875 0.5125000000000001 0.0197916666666666 0.055
2 0.5583333333333333 0.5016666666666667 0.0291666666666666 0.05
1 0.7630208333333334 0.4833333333333333 0.078125 0.0633333333333333