1 0.0400390625 0.4853515625 0.037109375 0.0419921875
1 0.0810546875 0.484375 0.0615234375 0.05859375
1 0.1220703125 0.4755859375 0.01953125 0.0478515625
1 0.1640625 0.4716796875 0.0595703125 0.056640625
1 0.2236328125 0.4765625 0.0439453125 0.0595703125
4 0.4072265625 0.30078125 0.01953125 0.044921875
4 0.4072265625 0.3056640625 0.01953125 0.0478515625
3 0.5048828125 0.3056640625 0.0244140625 0.05859375
3 0.5048828125 0.306640625 0.0146484375 0.0498046875
3 0.611328125 0.3212890625 0.0185546875 0.0546875
3 0.611328125 0.3271484375 0.0185546875 0.056640625
1 0.7138671875 0.4990234375 0.1767578125 0.1748046875
3 0.69921875 0.392578125 0.021484375 0.044921875
3 0.703125 0.3935546875 0.0166015625 0.0498046875
3 0.8759765625 0.30859375 0.0185546875 0.1103515625
3 0.87890625 0.29296875 0.01953125 0.0654296875