2 0.4781249999999999 0.50625 0.0208333333333333 0.0608333333333333
1 0.0973958333333333 0.5241666666666667 0.078125 0.065
1 0.2661458333333333 0.5175000000000001 0.0677083333333333 0.0416666666666666
4 0.3927083333333333 0.3666666666666667 0.0104166666666666 0.0333333333333333
1 0.4177083333333333 0.5141666666666667 0.05 0.065
3 0.4536458333333333 0.3825 0.0135416666666666 0.035
3 0.4536458333333333 0.3775 0.009375 0.0283333333333333
5 0.6078125 0.4725 0.153125 0.075
3 0.5375 0.4275 0.0104166666666666 0.015
3 0.5385416666666667 0.4316666666666667 0.0104166666666666 0.02
3 0.6010416666666667 0.3916666666666667 0.0125 0.03
3 0.603125 0.3958333333333333 0.0125 0.0383333333333333
2 0.6651041666666666 0.4858333333333333 0.015625 0.0616666666666666
2 0.6666666666666666 0.4925 0.0166666666666666 0.0716666666666666