5 0.1052083333333333 0.4941666666666667 0.1520833333333333 0.075
1 0.1630208333333333 0.54 0.078125 0.0366666666666666
1 0.2619791666666666 0.5333333333333333 0.040625 0.0366666666666666
1 0.346875 0.5408333333333334 0.0520833333333333 0.0716666666666666
1 0.371875 0.5366666666666667 0.0208333333333333 0.0466666666666666
4 0.4255208333333333 0.3958333333333333 0.0177083333333333 0.0383333333333333
3 0.4265625 0.3958333333333333 0.0114583333333333 0.035
3 0.4770833333333333 0.4016666666666666 0.0125 0.04
1 0.5104166666666666 0.5225000000000001 0.0333333333333333 0.0916666666666666
3 0.5567708333333333 0.4591666666666667 0.0114583333333333 0.025
2 0.8197916666666667 0.54 0.0291666666666666 0.1866666666666666