2 0.0130208333333333 0.5591666666666667 0.021875 0.085
2 0.0130208333333333 0.5583333333333333 0.0177083333333333 0.0733333333333333
2 0.0317708333333333 0.5683333333333334 0.0177083333333333 0.0533333333333333
2 0.0442708333333333 0.5433333333333333 0.015625 0.06
2 0.0567708333333333 0.5416666666666667 0.0197916666666666 0.0633333333333333
2 0.0822916666666666 0.5441666666666667 0.01875 0.0683333333333333
2 0.0822916666666666 0.5416666666666667 0.0145833333333333 0.08
2 0.1239583333333333 0.5516666666666667 0.0708333333333333 0.1866666666666666
2 0.10625 0.5383333333333333 0.0166666666666666 0.0633333333333333
2 0.1927083333333333 0.5383333333333333 0.0645833333333333 0.18
3 0.1739583333333333 0.4166666666666667 0.0145833333333333 0.04
1 0.3072916666666667 0.6125 0.2104166666666666 0.2483333333333333
1 0.4161458333333333 0.5325000000000001 0.0552083333333333 0.0716666666666666
3 0.490625 0.3866666666666667 0.0166666666666666 0.0566666666666666
2 0.6104166666666666 0.5416666666666667 0.04375 0.17
2 0.7239583333333334 0.5425 0.0354166666666666 0.1783333333333333
2 0.7473958333333334 0.5208333333333334 0.046875 0.175