3 0.0635416666666666 0.0683333333333333 0.0833333333333333 0.13
1 0.2104166666666666 0.5266666666666667 0.1333333333333333 0.1
1 0.3078125 0.5125000000000001 0.0927083333333333 0.105
1 0.4739583333333333 0.4941666666666667 0.0416666666666666 0.0516666666666666
3 0.571875 0.0283333333333333 0.0291666666666666 0.0533333333333333
3 0.565625 0.3633333333333333 0.0145833333333333 0.0466666666666666
3 0.653125 0.3583333333333333 0.0166666666666666 0.05
3 0.6526041666666667 0.3575 0.009375 0.0383333333333333
3 0.7286458333333333 0.4191666666666667 0.0135416666666666 0.0483333333333333
1 0.8151041666666666 0.4941666666666667 0.1156249999999999 0.065
3 0.8010416666666667 0.075 0.0291666666666666 0.0933333333333333
1 0.9213541666666668 0.4866666666666667 0.103125 0.0566666666666666