1 0.1895833333333333 0.545 0.05 0.0666666666666666
1 0.2671875 0.5391666666666667 0.0385416666666666 0.045
4 0.2713541666666667 0.2866666666666667 0.021875 0.0766666666666666
3 0.271875 0.2766666666666666 0.01875 0.0433333333333333
3 0.3895833333333333 0.3033333333333333 0.0166666666666666 0.0366666666666666
3 0.3927083333333333 0.2866666666666667 0.01875 0.06
1 0.4328125 0.53 0.0260416666666666 0.04
3 0.496875 0.305 0.0291666666666666 0.0733333333333333
3 0.4947916666666667 0.3183333333333333 0.01875 0.04
1 0.5322916666666666 0.5525 0.09375 0.1016666666666666
1 0.6083333333333333 0.5366666666666667 0.03125 0.0666666666666666
1 0.6479166666666667 0.5416666666666667 0.0645833333333333 0.0533333333333333
3 0.7010416666666667 0.4375 0.0208333333333333 0.035
1 0.7609375 0.5458333333333334 0.1364583333333333 0.115