5 0.0760416666666666 0.5016666666666667 0.1083333333333333 0.0866666666666666
1 0.284375 0.5916666666666667 0.3291666666666666 0.4233333333333333
3 0.3182291666666667 0.3291666666666666 0.0177083333333333 0.0516666666666666
3 0.4140625 0.3258333333333333 0.0177083333333333 0.045
3 0.4916666666666666 0.3258333333333333 0.0166666666666666 0.0516666666666666
1 0.5401041666666666 0.5316666666666667 0.046875 0.0566666666666666
2 0.63125 0.5183333333333333 0.01875 0.0566666666666666
2 0.6322916666666667 0.5133333333333334 0.0145833333333333 0.04
3 0.6796875 0.4158333333333333 0.015625 0.045
5 0.8682291666666666 0.48 0.2135416666666666 0.1366666666666667
1 0.95 0.5225000000000001 0.0979166666666666 0.0683333333333333
3 0.9296875 0.2466666666666666 0.0489583333333333 0.1533333333333333
2 0.9552083333333332 0.5416666666666667 0.0291666666666666 0.12