1 0.0627604166666666 0.5091666666666667 0.0307291666666666 0.035
3 0.1322916666666666 0.3916666666666667 0.01875 0.05
4 0.1317708333333333 0.3991666666666666 0.015625 0.0383333333333333
3 0.1833333333333333 0.4025 0.0166666666666666 0.035
3 0.184375 0.4083333333333334 0.0145833333333333 0.0366666666666666
1 0.2703125 0.4925 0.053125 0.0716666666666666
3 0.2609375 0.4525 0.0135416666666666 0.0316666666666666
1 0.3369791666666666 0.495 0.0510416666666666 0.07
1 0.4859374999999999 0.4825 0.046875 0.0383333333333333
3 0.4760416666666666 0.4291666666666667 0.01875 0.0383333333333333
3 0.4765625 0.4208333333333333 0.0114583333333333 0.0283333333333333
1 0.7364583333333333 0.5541666666666667 0.1916666666666666 0.2316666666666667