2 0.01484375 0.5595833333333333 0.0244791666666666 0.1141666666666666
2 0.0682291666666666 0.5700000000000001 0.0322916666666666 0.0966666666666666
2 0.071875 0.5758333333333334 0.0270833333333333 0.1116666666666666
3 0.0848958333333333 0.3716666666666667 0.021875 0.06
3 0.084375 0.3766666666666667 0.0166666666666666 0.0533333333333333
1 0.2109375 0.5675 0.0927083333333333 0.105
1 0.44375 0.5633333333333334 0.1 0.1233333333333333
3 0.5619791666666667 0.335 0.0260416666666666 0.0766666666666666
0 0.6244791666666667 0.5800000000000001 0.0697916666666666 0.31
2 0.7057291666666666 0.5408333333333334 0.0239583333333333 0.0583333333333333
2 0.7557291666666667 0.5433333333333333 0.0364583333333333 0.1333333333333333
2 0.7932291666666667 0.55 0.0427083333333333 0.17
2 0.8864583333333333 0.535 0.05 0.23
2 0.8885416666666667 0.5266666666666667 0.0520833333333333 0.2366666666666667
2 0.9421875 0.5216666666666667 0.0510416666666666 0.24