1 0.0634765625 0.537109375 0.0478515625 0.056640625
1 0.095703125 0.525390625 0.037109375 0.0595703125
1 0.1416015625 0.5302734375 0.068359375 0.06640625
5 0.23046875 0.5087890625 0.0732421875 0.0986328125
1 0.2333984375 0.513671875 0.0712890625 0.099609375
4 0.302734375 0.4169921875 0.01953125 0.0537109375
4 0.302734375 0.4267578125 0.01953125 0.056640625
1 0.3720703125 0.5029296875 0.052734375 0.0849609375
1 0.4091796875 0.4921875 0.033203125 0.0478515625
1 0.4697265625 0.51953125 0.072265625 0.10546875
1 0.537109375 0.490234375 0.0556640625 0.0498046875
3 0.57421875 0.2724609375 0.0185546875 0.068359375
3 0.5732421875 0.2724609375 0.017578125 0.0615234375
1 0.5908203125 0.5 0.048828125 0.0537109375
3 0.7353515625 0.3984375 0.015625 0.04296875
2 0.7421875 0.5087890625 0.017578125 0.06640625
1 0.92578125 0.5234375 0.14453125 0.0830078125