5 0.046875 0.525 0.09375 0.1033333333333333
5 0.0484375 0.5291666666666667 0.0947916666666666 0.105
1 0.2979166666666666 0.6041666666666667 0.3104166666666667 0.435
3 0.3166666666666666 0.3391666666666666 0.0208333333333333 0.0516666666666666
3 0.4135416666666666 0.3266666666666666 0.025 0.0566666666666666
3 0.4156249999999999 0.3391666666666666 0.0166666666666666 0.055
3 0.4921875 0.3308333333333333 0.0260416666666666 0.0716666666666666
3 0.4927083333333333 0.33 0.0166666666666666 0.0466666666666666
1 0.5354166666666667 0.5241666666666667 0.0458333333333333 0.0583333333333333
1 0.796875 0.6208333333333333 0.3729166666666667 0.3516666666666667
3 0.6796875 0.4316666666666667 0.0197916666666666 0.0566666666666666
1 0.94375 0.5191666666666667 0.0770833333333333 0.075
3 0.9375 0.2591666666666666 0.05 0.145