1 0.0634765625 0.51171875 0.126953125 0.2099609375
1 0.1572265625 0.513671875 0.0791015625 0.1669921875
3 0.3330078125 0.4384765625 0.0283203125 0.0400390625
1 0.451171875 0.486328125 0.0810546875 0.1064453125
3 0.48828125 0.3779296875 0.021484375 0.0380859375
3 0.5400390625 0.3837890625 0.021484375 0.0302734375
3 0.6240234375 0.4326171875 0.0166015625 0.03515625
1 0.66015625 0.5 0.08203125 0.08984375
3 0.70703125 0.3955078125 0.02734375 0.068359375
3 0.7060546875 0.3974609375 0.0244140625 0.0654296875
1 0.87109375 0.5703125 0.2470703125 0.2236328125