1 0.0395833333333333 0.4425 0.0541666666666666 0.045
1 0.1583333333333333 0.4508333333333333 0.04375 0.0516666666666666
1 0.2364583333333333 0.4741666666666667 0.0625 0.0516666666666666
1 0.309375 0.4666666666666667 0.0458333333333333 0.05
3 0.425 0.4366666666666667 0.0125 0.0233333333333333
1 0.4776041666666666 0.515 0.1072916666666666 0.17
3 0.4963541666666666 0.4116666666666667 0.0114583333333333 0.03
1 0.6421875 0.515 0.053125 0.0566666666666666
1 0.7489583333333333 0.5175000000000001 0.06875 0.0783333333333333
1 0.8255208333333334 0.5341666666666667 0.1052083333333333 0.075
1 0.9 0.535 0.0770833333333333 0.0633333333333333