3 0.2166666666666666 0.4425 0.01875 0.0383333333333333
5 0.3463541666666667 0.4766666666666667 0.0885416666666666 0.09
5 0.3510416666666666 0.4775 0.0791666666666666 0.1016666666666666
1 0.4385416666666666 0.5016666666666667 0.0479166666666666 0.0566666666666666
3 0.4296875 0.3633333333333333 0.0177083333333333 0.0366666666666666
3 0.5203125 0.3733333333333333 0.021875 0.0466666666666666
3 0.521875 0.3691666666666667 0.0145833333333333 0.0383333333333333
1 0.5619791666666667 0.4883333333333333 0.0572916666666666 0.0533333333333333
3 0.5859375 0.4258333333333333 0.0177083333333333 0.035
3 0.5869791666666666 0.4325 0.015625 0.0283333333333333
3 0.6640625 0.41 0.0177083333333333 0.0266666666666666
3 0.6640625 0.3991666666666666 0.0135416666666666 0.045