5 0.065625 0.5025000000000001 0.13125 0.1216666666666666
5 0.0546875 0.5075000000000001 0.109375 0.1116666666666666
1 0.2859375 0.5891666666666667 0.3197916666666666 0.4083333333333334
3 0.3161458333333333 0.3283333333333333 0.0197916666666666 0.0633333333333333
3 0.4135416666666666 0.3266666666666666 0.0229166666666666 0.0533333333333333
3 0.4156249999999999 0.3358333333333334 0.0166666666666666 0.055
3 0.4916666666666666 0.3291666666666666 0.0229166666666666 0.065
3 0.4927083333333333 0.3283333333333333 0.0166666666666666 0.0466666666666666
5 0.5255208333333333 0.5025000000000001 0.0364583333333333 0.0616666666666666
1 0.61875 0.5183333333333333 0.1041666666666666 0.1333333333333333
1 0.7979166666666666 0.6333333333333334 0.375 0.3666666666666667
3 0.6791666666666667 0.42 0.01875 0.0533333333333333
3 0.9307291666666666 0.2558333333333333 0.059375 0.165
2 0.9609375 0.5233333333333333 0.0260416666666666 0.0666666666666666