3 0.0557291666666666 0.0725 0.1114583333333333 0.145
1 0.1072916666666666 0.515 0.0916666666666666 0.06
1 0.4734375 0.5108333333333334 0.034375 0.0483333333333333
4 0.5708333333333333 0.0258333333333333 0.0270833333333333 0.0516666666666666
3 0.565625 0.37 0.0166666666666666 0.05
3 0.6515625 0.3666666666666667 0.015625 0.0566666666666666
3 0.725 0.4258333333333333 0.0166666666666666 0.0516666666666666
3 0.8020833333333334 0.0783333333333333 0.0270833333333333 0.0933333333333333
3 0.8083333333333333 0.0791666666666666 0.0333333333333333 0.1183333333333333
1 0.8208333333333333 0.4966666666666667 0.0458333333333333 0.0466666666666666
1 0.9166666666666666 0.4966666666666667 0.0833333333333333 0.0633333333333333
1 0.9770833333333332 0.4991666666666667 0.0375 0.0483333333333333