1 0.06875 0.5216666666666667 0.1270833333333333 0.0766666666666666
0 0.1921875 0.5133333333333334 0.028125 0.0533333333333333
4 0.3380208333333333 0.4325 0.0135416666666666 0.0416666666666666
4 0.3390625 0.435 0.015625 0.0466666666666666
2 0.3583333333333333 0.5041666666666667 0.01875 0.0583333333333333
1 0.4651041666666666 0.4983333333333333 0.0510416666666666 0.0466666666666666
1 0.4645833333333333 0.4958333333333333 0.0395833333333333 0.0416666666666666
5 0.5213541666666667 0.465 0.071875 0.11
2 0.6057291666666667 0.5133333333333334 0.0427083333333333 0.13
4 0.609375 0.36 0.01875 0.04
2 0.65 0.5108333333333334 0.0229166666666666 0.1283333333333333
3 0.6583333333333333 0.3566666666666667 0.01875 0.05
2 0.6802083333333333 0.5108333333333334 0.04375 0.1283333333333333
3 0.7557291666666667 0.4208333333333333 0.0177083333333333 0.055
1 0.79375 0.5016666666666667 0.0854166666666666 0.0433333333333333
3 0.7796875 0.3166666666666667 0.0302083333333333 0.0833333333333333
3 0.7817708333333333 0.3175 0.0302083333333333 0.0983333333333333
2 0.8557291666666667 0.5083333333333334 0.0260416666666666 0.1133333333333333