3 0.064453125 0.06640625 0.0771484375 0.126953125
1 0.2138671875 0.5146484375 0.064453125 0.080078125
1 0.263671875 0.5244140625 0.1064453125 0.078125
1 0.4736328125 0.494140625 0.0419921875 0.0517578125
3 0.572265625 0.029296875 0.0283203125 0.0546875
3 0.5654296875 0.36328125 0.0146484375 0.04296875
3 0.6533203125 0.3583984375 0.0166015625 0.0498046875
3 0.65234375 0.357421875 0.009765625 0.0380859375
3 0.728515625 0.4189453125 0.013671875 0.0478515625
3 0.80078125 0.076171875 0.029296875 0.091796875
1 0.8212890625 0.490234375 0.0517578125 0.04296875
1 0.9208984375 0.486328125 0.103515625 0.056640625