1 0.2529296875 0.544921875 0.064453125 0.0771484375
1 0.064453125 0.5712890625 0.0595703125 0.0400390625
1 0.091796875 0.5537109375 0.0439453125 0.03125
5 0.12109375 0.5419921875 0.04296875 0.033203125
4 0.140625 0.482421875 0.0126953125 0.03515625
4 0.1416015625 0.4853515625 0.0126953125 0.0400390625
1 0.1845703125 0.548828125 0.05078125 0.0419921875
4 0.3056640625 0.4091796875 0.01171875 0.03515625
4 0.306640625 0.41015625 0.013671875 0.037109375
1 0.3203125 0.53125 0.017578125 0.01953125
1 0.373046875 0.5283203125 0.04296875 0.0537109375
3 0.373046875 0.4033203125 0.009765625 0.037109375
3 0.3740234375 0.40234375 0.01171875 0.03515625
1 0.4287109375 0.54296875 0.052734375 0.068359375
3 0.4853515625 0.4619140625 0.01171875 0.0302734375
3 0.486328125 0.46875 0.0107421875 0.033203125
1 0.6357421875 0.50390625 0.0498046875 0.0380859375