1 0.1635416666666666 0.5233333333333333 0.05625 0.0433333333333333
1 0.375 0.51 0.03125 0.0433333333333333
4 0.3994791666666666 0.385 0.009375 0.0266666666666666
3 0.4526041666666666 0.4025 0.0135416666666666 0.035
3 0.453125 0.4016666666666666 0.0083333333333333 0.03
1 0.5015625 0.5116666666666667 0.0385416666666666 0.0466666666666666
3 0.5255208333333333 0.4458333333333333 0.009375 0.0283333333333333
3 0.5260416666666666 0.445 0.0104166666666666 0.02
5 0.6083333333333333 0.4783333333333334 0.1416666666666666 0.0666666666666666
3 0.5723958333333333 0.4241666666666667 0.0135416666666666 0.045
3 0.5713541666666666 0.4208333333333333 0.009375 0.0283333333333333
2 0.6239583333333333 0.495 0.0104166666666666 0.05