1 0.1708984375 0.4921875 0.056640625 0.0546875
1 0.2119140625 0.494140625 0.03515625 0.0419921875
5 0.2587890625 0.46484375 0.0791015625 0.1298828125
1 0.3115234375 0.4873046875 0.1142578125 0.1484375
4 0.3466796875 0.3857421875 0.017578125 0.03515625
3 0.3984375 0.37890625 0.015625 0.03515625
1 0.4716796875 0.5029296875 0.0927734375 0.1220703125
3 0.4365234375 0.384765625 0.0146484375 0.037109375
0 0.5341796875 0.484375 0.025390625 0.087890625
3 0.53515625 0.4384765625 0.013671875 0.0302734375
3 0.55078125 0.4208984375 0.0166015625 0.0419921875
1 0.796875 0.4775390625 0.0537109375 0.0654296875