1 0.0614583333333333 0.5520833333333334 0.0916666666666666 0.0725
1 0.2494791666666666 0.5383333333333333 0.0697916666666666 0.0533333333333333
4 0.33125 0.3908333333333333 0.0166666666666666 0.0416666666666666
4 0.3328125 0.3908333333333333 0.0177083333333333 0.035
1 0.3765625 0.5291666666666667 0.0510416666666666 0.0616666666666666
3 0.3947916666666666 0.4008333333333334 0.0166666666666666 0.0383333333333333
3 0.3958333333333333 0.3975 0.0145833333333333 0.0383333333333333
1 0.45 0.5216666666666667 0.0458333333333333 0.0766666666666666
3 0.4468749999999999 0.4191666666666667 0.0145833333333333 0.0383333333333333
3 0.4473958333333333 0.41 0.0135416666666666 0.03
3 0.5151041666666667 0.4608333333333334 0.0135416666666666 0.035
1 0.546875 0.5108333333333334 0.0729166666666666 0.095
1 0.6239583333333333 0.5183333333333333 0.0395833333333333 0.0466666666666666
3 0.665625 0.4275 0.01875 0.0516666666666666
3 0.66875 0.4258333333333333 0.0208333333333333 0.0516666666666666