3 0.0830078125 0.0791015625 0.166015625 0.158203125
1 0.0830078125 0.517578125 0.0537109375 0.044921875
1 0.259765625 0.4912109375 0.09375 0.0654296875
1 0.4423828125 0.4921875 0.0615234375 0.0615234375
3 0.568359375 0.3603515625 0.0244140625 0.0615234375
1 0.5732421875 0.4892578125 0.0263671875 0.0478515625
1 0.5927734375 0.4951171875 0.0419921875 0.046875
1 0.6220703125 0.4931640625 0.0224609375 0.033203125
1 0.658203125 0.4931640625 0.0556640625 0.06640625
3 0.65234375 0.3564453125 0.015625 0.04296875
1 0.720703125 0.509765625 0.080078125 0.103515625
3 0.7255859375 0.416015625 0.0166015625 0.0478515625
3 0.80078125 0.0771484375 0.0498046875 0.1162109375
3 0.7998046875 0.0751953125 0.02734375 0.09375
2 0.90234375 0.482421875 0.0224609375 0.078125
2 0.9833984375 0.494140625 0.025390625 0.1318359375