1 0.0481770833333333 0.5470833333333334 0.0953125 0.1675
3 0.1640625 0.4716666666666667 0.0114583333333333 0.0266666666666666
1 0.2322916666666666 0.5233333333333333 0.0416666666666666 0.0933333333333333
1 0.3427083333333333 0.5183333333333333 0.0541666666666666 0.04
4 0.3515625 0.3908333333333333 0.0135416666666666 0.035
3 0.4046875 0.395 0.0114583333333333 0.0333333333333333
3 0.4921875 0.46 0.0135416666666666 0.04
1 0.5244791666666666 0.5125000000000001 0.059375 0.0383333333333333
3 0.51875 0.4075 0.0208333333333333 0.055
3 0.5192708333333333 0.4125 0.015625 0.0416666666666666
2 0.828125 0.4533333333333333 0.0166666666666666 0.0466666666666666
2 0.8645833333333334 0.4466666666666667 0.0229166666666666 0.0533333333333333