1 0.1421875 0.5433333333333333 0.1072916666666666 0.0966666666666666
1 0.3510416666666666 0.5458333333333334 0.1229166666666666 0.175
4 0.3671875 0.4441666666666667 0.0177083333333333 0.0416666666666666
4 0.3645833333333333 0.445 0.0125 0.04
3 0.4572916666666666 0.3958333333333333 0.0145833333333333 0.0483333333333333
3 0.4567708333333333 0.3908333333333333 0.0114583333333333 0.0316666666666666
3 0.4942708333333333 0.4458333333333333 0.015625 0.055
3 0.4953125 0.4491666666666667 0.0114583333333333 0.035
3 0.5770833333333333 0.4008333333333334 0.0229166666666666 0.0683333333333333
3 0.5755208333333334 0.3975 0.0135416666666666 0.0516666666666666
1 0.8385416666666666 0.5083333333333334 0.1791666666666666 0.1233333333333333
1 0.9479166666666666 0.5158333333333334 0.0583333333333333 0.085