1 0.1098958333333333 0.5816666666666667 0.2197916666666666 0.4033333333333334
3 0.2192708333333333 0.2233333333333333 0.034375 0.0866666666666666
1 0.2994791666666667 0.5441666666666667 0.0197916666666666 0.0216666666666666
3 0.3760416666666666 0.2233333333333333 0.0333333333333333 0.09
1 0.3947916666666666 0.5366666666666667 0.0395833333333333 0.0766666666666666
1 0.4427083333333333 0.5441666666666667 0.0916666666666666 0.125
3 0.5015625 0.225 0.0302083333333333 0.09
1 0.5197916666666667 0.5158333333333334 0.0375 0.055
1 0.8036458333333333 0.6191666666666668 0.328125 0.3116666666666667
3 0.803125 0.3758333333333333 0.0333333333333333 0.0916666666666666
3 0.803125 0.3775 0.01875 0.0716666666666666