2 0.9708333333333332 0.5695833333333333 0.0572916666666666 0.1975
1 0.1286458333333333 0.5875 0.103125 0.085
5 0.1932291666666666 0.5341666666666667 0.090625 0.1383333333333333
3 0.1854166666666666 0.1908333333333333 0.03125 0.095
4 0.1854166666666666 0.1916666666666666 0.025 0.08
1 0.325 0.5650000000000001 0.0583333333333333 0.0866666666666666
3 0.3536458333333333 0.1991666666666667 0.034375 0.0983333333333333
3 0.3520833333333333 0.2016666666666667 0.0291666666666666 0.0933333333333333
2 0.4755208333333333 0.5491666666666667 0.0239583333333333 0.0683333333333333
2 0.475 0.5541666666666667 0.0166666666666666 0.055
2 0.584375 0.5366666666666667 0.0125 0.05
3 0.6104166666666666 0.3866666666666667 0.0291666666666666 0.09
2 0.7338541666666667 0.5675 0.034375 0.135
2 0.7677083333333333 0.5608333333333334 0.0291666666666666 0.1483333333333333
2 0.8083333333333333 0.5575 0.0375 0.145