5 0.5419921875 0.5029296875 0.05859375 0.04296875
5 0.076171875 0.501953125 0.1083984375 0.0869140625
1 0.09375 0.576171875 0.1396484375 0.1787109375
3 0.318359375 0.33203125 0.017578125 0.0498046875
3 0.4150390625 0.3251953125 0.0146484375 0.0400390625
2 0.46484375 0.5302734375 0.015625 0.0703125
3 0.4931640625 0.3271484375 0.0146484375 0.046875
1 0.7470703125 0.578125 0.21484375 0.2099609375
3 0.681640625 0.41796875 0.0224609375 0.0615234375
3 0.6806640625 0.4150390625 0.0146484375 0.04296875
3 0.931640625 0.2470703125 0.0400390625 0.123046875
2 0.9716796875 0.541015625 0.03515625 0.1181640625