1 0.103515625 0.6201171875 0.2060546875 0.4033203125
1 0.369140625 0.5078125 0.0869140625 0.091796875
4 0.3720703125 0.3720703125 0.0166015625 0.0537109375
3 0.439453125 0.376953125 0.013671875 0.046875
1 0.484375 0.4921875 0.03515625 0.0546875
3 0.478515625 0.3837890625 0.015625 0.0380859375
5 0.5263671875 0.4775390625 0.0283203125 0.0478515625
3 0.564453125 0.4365234375 0.0146484375 0.037109375
3 0.595703125 0.416015625 0.0146484375 0.03515625
3 0.603515625 0.416015625 0.021484375 0.0517578125
1 0.6494140625 0.5126953125 0.0947265625 0.0986328125