1 0.1865234375 0.5087890625 0.0419921875 0.021484375
1 0.2685546875 0.4990234375 0.046875 0.0615234375
3 0.318359375 0.4697265625 0.025390625 0.0498046875
1 0.4072265625 0.4970703125 0.041015625 0.04296875
3 0.4248046875 0.3310546875 0.0166015625 0.03515625
3 0.5029296875 0.35546875 0.0166015625 0.0419921875
3 0.5029296875 0.4296875 0.015625 0.0400390625
1 0.5078125 0.509765625 0.01953125 0.0634765625
1 0.5634765625 0.521484375 0.0595703125 0.0703125
3 0.5419921875 0.45703125 0.0107421875 0.0283203125
1 0.6181640625 0.5302734375 0.1044921875 0.099609375
3 0.5966796875 0.4345703125 0.015625 0.0419921875
3 0.6298828125 0.416015625 0.0166015625 0.03515625
2 0.861328125 0.50390625 0.025390625 0.0849609375
2 0.861328125 0.4931640625 0.0185546875 0.0703125
2 0.9287109375 0.49609375 0.021484375 0.078125