3 0.0640625 0.0666666666666666 0.078125 0.1266666666666666
1 0.2125 0.515 0.0645833333333333 0.08
1 0.3385416666666667 0.5125000000000001 0.08125 0.0883333333333333
1 0.4739583333333333 0.4941666666666667 0.0416666666666666 0.0516666666666666
3 0.5723958333333333 0.0291666666666666 0.028125 0.055
3 0.565625 0.3633333333333333 0.0145833333333333 0.0433333333333333
3 0.653125 0.3583333333333333 0.0166666666666666 0.05
3 0.6526041666666667 0.3575 0.009375 0.0383333333333333
3 0.7286458333333333 0.4191666666666667 0.0135416666666666 0.0483333333333333
3 0.8010416666666667 0.0758333333333333 0.0291666666666666 0.0916666666666666
1 0.8208333333333333 0.49 0.0520833333333333 0.0433333333333333
1 0.9213541666666668 0.4866666666666667 0.103125 0.0566666666666666