2 0.8606770833333334 0.4408333333333333 0.0473958333333333 0.205
1 0.1161458333333333 0.5275000000000001 0.065625 0.0483333333333333
2 0.1640625 0.5283333333333333 0.0197916666666666 0.0733333333333333
2 0.1651041666666666 0.5216666666666667 0.0177083333333333 0.0533333333333333
5 0.2260416666666666 0.4991666666666667 0.0895833333333333 0.0616666666666666
0 0.3286458333333333 0.515 0.028125 0.0533333333333333
4 0.4473958333333333 0.4425 0.0135416666666666 0.0416666666666666
4 0.4489583333333333 0.445 0.0166666666666666 0.0433333333333333
1 0.5078125 0.4858333333333333 0.046875 0.0583333333333333
1 0.5473958333333333 0.4966666666666667 0.0322916666666666 0.0366666666666666
5 0.5953125 0.4641666666666666 0.0635416666666666 0.085
2 0.6708333333333333 0.4933333333333333 0.0229166666666666 0.09
2 0.7229166666666667 0.4766666666666667 0.0333333333333333 0.1466666666666666
2 0.7234375 0.4708333333333334 0.0239583333333333 0.1183333333333333