2 0.9885416666666668 0.5745833333333333 0.021875 0.1941666666666666
1 0.1427083333333333 0.5466666666666667 0.0604166666666666 0.07
1 0.20625 0.545 0.0541666666666666 0.05
3 0.2927083333333333 0.335 0.0291666666666666 0.1
3 0.3765625 0.4491666666666667 0.0239583333333333 0.055
3 0.378125 0.4508333333333333 0.0166666666666666 0.045
1 0.4333333333333333 0.5441666666666667 0.0583333333333333 0.0516666666666666
1 0.6166666666666667 0.54 0.08125 0.1066666666666666
3 0.6057291666666667 0.4766666666666667 0.015625 0.0333333333333333
5 0.7401041666666667 0.48 0.1822916666666666 0.3233333333333333
1 0.9270833333333334 0.5633333333333334 0.025 0.09
2 0.9541666666666666 0.5433333333333333 0.025 0.14