1 0.0744791666666666 0.5033333333333334 0.078125 0.0766666666666666
1 0.14375 0.5083333333333334 0.1708333333333333 0.1133333333333333
3 0.0796875 0.3783333333333333 0.015625 0.0533333333333333
4 0.0828125 0.3875 0.021875 0.0716666666666666
3 0.3869791666666666 0.3308333333333333 0.015625 0.0383333333333333
1 0.4307291666666666 0.49 0.0447916666666666 0.0666666666666666
1 0.4989583333333333 0.5208333333333334 0.125 0.1716666666666667
3 0.4817708333333333 0.2941666666666667 0.0135416666666666 0.0516666666666666
3 0.6130208333333333 0.3883333333333333 0.0177083333333333 0.0366666666666666
0 0.6229166666666667 0.4933333333333333 0.0333333333333333 0.1033333333333333
3 0.6161458333333333 0.3925 0.015625 0.0416666666666666
1 0.6765625 0.525 0.1177083333333333 0.1666666666666666
3 0.7921875 0.3308333333333333 0.021875 0.0683333333333333
3 0.7953125 0.3141666666666667 0.021875 0.0416666666666666