1 0.251953125 0.5322265625 0.1259765625 0.08203125
1 0.3544921875 0.548828125 0.09375 0.1220703125
4 0.3271484375 0.349609375 0.0166015625 0.0517578125
4 0.3291015625 0.349609375 0.015625 0.0498046875
3 0.4111328125 0.353515625 0.0146484375 0.0537109375
3 0.4150390625 0.3525390625 0.015625 0.044921875
1 0.5048828125 0.525390625 0.072265625 0.1337890625
3 0.486328125 0.369140625 0.0166015625 0.0419921875
3 0.48828125 0.375 0.013671875 0.046875
1 0.5712890625 0.5478515625 0.1474609375 0.1767578125
3 0.580078125 0.4384765625 0.0205078125 0.056640625
3 0.5791015625 0.42578125 0.015625 0.0419921875
1 0.7001953125 0.5234375 0.130859375 0.1396484375
3 0.9013671875 0.353515625 0.0361328125 0.103515625
3 0.908203125 0.3525390625 0.0302734375 0.0947265625