1 0.2104166666666666 0.5033333333333334 0.0770833333333333 0.0533333333333333
1 0.3348958333333333 0.5091666666666667 0.128125 0.1616666666666666
1 0.4208333333333333 0.515 0.05625 0.0766666666666666
3 0.4458333333333333 0.3858333333333333 0.0125 0.035
4 0.4468749999999999 0.3925 0.0104166666666666 0.0283333333333333
3 0.5020833333333333 0.3733333333333333 0.0166666666666666 0.05
3 0.5026041666666666 0.3791666666666667 0.0114583333333333 0.0316666666666666
3 0.5875 0.4316666666666667 0.0166666666666666 0.0366666666666666
3 0.5895833333333333 0.4425 0.01875 0.0383333333333333
3 0.7203125 0.3691666666666667 0.0197916666666666 0.065
3 0.7213541666666666 0.3708333333333333 0.0197916666666666 0.0516666666666666