5 0.0885416666666666 0.3825 0.1770833333333333 0.3216666666666667
1 0.0276041666666666 0.5158333333333334 0.0552083333333333 0.2416666666666666
1 0.3260416666666667 0.4933333333333333 0.0541666666666666 0.0833333333333333
3 0.3385416666666667 0.3683333333333333 0.01875 0.0333333333333333
3 0.3432291666666666 0.3658333333333333 0.0135416666666666 0.035
1 0.3994791666666666 0.4983333333333333 0.0885416666666666 0.1066666666666666
3 0.3822916666666666 0.3683333333333333 0.0145833333333333 0.0266666666666666
3 0.3854166666666667 0.3675 0.0125 0.0283333333333333
3 0.4442708333333333 0.3616666666666667 0.015625 0.0366666666666666
3 0.4447916666666666 0.3666666666666667 0.0145833333333333 0.03
3 0.490625 0.3633333333333333 0.01875 0.0366666666666666
3 0.490625 0.3633333333333333 0.0145833333333333 0.0266666666666666
1 0.5864583333333333 0.4833333333333333 0.0854166666666666 0.0666666666666666
3 0.5833333333333334 0.405 0.0125 0.0266666666666666
1 0.6473958333333333 0.4725 0.059375 0.0616666666666666
1 0.7166666666666667 0.4716666666666667 0.0541666666666666 0.04
3 0.79375 0.3233333333333333 0.0229166666666666 0.0366666666666666