1 0.1833333333333333 0.6283333333333334 0.3666666666666666 0.62
4 0.346875 0.4341666666666667 0.01875 0.0616666666666666
3 0.4744791666666667 0.355 0.015625 0.05
1 0.5104166666666666 0.5366666666666667 0.03125 0.04
3 0.5244791666666666 0.4291666666666667 0.0177083333333333 0.0516666666666666
3 0.70625 0.3183333333333333 0.0416666666666666 0.12
2 0.7005208333333334 0.5266666666666667 0.009375 0.0666666666666666
2 0.7265625 0.5266666666666667 0.021875 0.0766666666666666
2 0.7255208333333333 0.5166666666666667 0.015625 0.0533333333333333
1 0.8692708333333333 0.5533333333333333 0.0427083333333333 0.07
1 0.9265625 0.5508333333333334 0.065625 0.085