1 0.0556640625 0.56640625 0.107421875 0.1396484375
5 0.076171875 0.4609375 0.109375 0.0947265625
5 0.0888671875 0.462890625 0.126953125 0.1162109375
5 0.1669921875 0.505859375 0.064453125 0.1513671875
1 0.2353515625 0.5419921875 0.060546875 0.06640625
5 0.2685546875 0.5107421875 0.0849609375 0.1083984375
1 0.3212890625 0.529296875 0.0419921875 0.0546875
1 0.40625 0.50390625 0.0712890625 0.125
1 0.47265625 0.5302734375 0.0400390625 0.0595703125
1 0.533203125 0.53125 0.0732421875 0.0830078125
1 0.82421875 0.5068359375 0.0673828125 0.0703125