5 0.1322916666666666 0.4841666666666667 0.2625 0.6183333333333334
4 0.3536458333333333 0.3008333333333333 0.0197916666666666 0.0716666666666666
1 0.5020833333333333 0.6108333333333333 0.3145833333333333 0.4216666666666667
4 0.3536458333333333 0.2841666666666667 0.015625 0.0383333333333333
3 0.4765625 0.2408333333333333 0.015625 0.0583333333333333
0 0.6489583333333333 0.4791666666666667 0.03125 0.105
0 0.6473958333333333 0.4866666666666667 0.0260416666666666 0.0966666666666666
3 0.6453125 0.3633333333333333 0.0197916666666666 0.0433333333333333
1 0.8624999999999999 0.5833333333333334 0.2708333333333333 0.3166666666666667
3 0.9744791666666668 0.235 0.028125 0.08
3 0.9734375 0.2091666666666666 0.021875 0.0416666666666666