1 0.9189453125 0.685546875 0.158203125 0.390625
3 0.1904296875 0.404296875 0.0185546875 0.0478515625
1 0.244140625 0.4951171875 0.0751953125 0.0830078125
3 0.23046875 0.412109375 0.017578125 0.037109375
3 0.2841796875 0.45703125 0.0146484375 0.0400390625
1 0.4111328125 0.4892578125 0.0556640625 0.0751953125
3 0.4599609375 0.4443359375 0.0185546875 0.0380859375
3 0.4580078125 0.4443359375 0.01171875 0.0283203125
1 0.5478515625 0.4951171875 0.02734375 0.0595703125
1 0.6064453125 0.5087890625 0.0712890625 0.0947265625
1 0.7451171875 0.5390625 0.193359375 0.271484375