3 0.0255208333333333 0.2283333333333333 0.021875 0.0766666666666666
1 0.15 0.5466666666666667 0.1333333333333333 0.0833333333333333
3 0.2458333333333333 0.3483333333333333 0.01875 0.07
1 0.35625 0.6183333333333334 0.2125 0.28
3 0.3302083333333333 0.28 0.0229166666666666 0.06
3 0.3932291666666667 0.42 0.0177083333333333 0.0333333333333333
3 0.3927083333333333 0.415 0.0125 0.0366666666666666
3 0.4286458333333333 0.445 0.0135416666666666 0.04
3 0.4302083333333333 0.4475 0.0166666666666666 0.0316666666666666
1 0.5151041666666667 0.5383333333333333 0.0572916666666666 0.0733333333333333
3 0.5223958333333333 0.4008333333333334 0.0177083333333333 0.045
3 0.5239583333333333 0.4033333333333334 0.0125 0.0333333333333333
1 0.5479166666666666 0.5291666666666667 0.0354166666666666 0.055
1 0.6796875 0.5541666666666667 0.109375 0.125
3 0.659375 0.4741666666666667 0.0125 0.0316666666666666
3 0.8765625 0.3966666666666666 0.0197916666666666 0.0633333333333333
3 0.8869791666666667 0.3458333333333334 0.0197916666666666 0.0416666666666666
3 0.9364583333333332 0.3241666666666667 0.0208333333333333 0.0616666666666666