4 0.0994791666666666 0.4316666666666667 0.0239583333333333 0.0666666666666666
1 0.2755208333333333 0.5441666666666667 0.084375 0.0783333333333333
1 0.4130208333333333 0.5275000000000001 0.0510416666666666 0.0583333333333333
1 0.4505208333333333 0.5216666666666667 0.034375 0.0533333333333333
3 0.4583333333333333 0.3016666666666667 0.0166666666666666 0.0466666666666666
4 0.4604166666666666 0.3008333333333333 0.0145833333333333 0.0416666666666666
5 0.525 0.5016666666666667 0.0645833333333333 0.1266666666666666
1 0.5609375 0.515 0.034375 0.0566666666666666
3 0.5583333333333333 0.2941666666666667 0.01875 0.0583333333333333
3 0.5578125 0.2958333333333333 0.0135416666666666 0.0583333333333333
0 0.6630208333333333 0.5175000000000001 0.0177083333333333 0.065
3 0.7057291666666666 0.4225 0.021875 0.0716666666666666
3 0.7104166666666667 0.4141666666666667 0.0125 0.0383333333333333
1 0.8223958333333333 0.5191666666666667 0.1447916666666666 0.0783333333333333