3 0.14375 0.4116666666666667 0.01875 0.05
4 0.1432291666666666 0.4125 0.015625 0.0383333333333333
3 0.1895833333333333 0.4233333333333333 0.0145833333333333 0.0366666666666666
3 0.1916666666666666 0.4158333333333333 0.0166666666666666 0.035
3 0.2614583333333333 0.4716666666666667 0.0145833333333333 0.04
1 0.3 0.5 0.0458333333333333 0.0733333333333333
1 0.3546875 0.5091666666666667 0.046875 0.0716666666666666
3 0.4645833333333333 0.4425 0.01875 0.0383333333333333
3 0.4651041666666666 0.4391666666666667 0.0114583333333333 0.0283333333333333
1 0.6307291666666667 0.53 0.1135416666666666 0.1333333333333333
1 0.88671875 0.6316666666666667 0.2255208333333333 0.2883333333333333