0 0.3723958333333333 0.47375 0.0083333333333333 0.0375
1 0.1432291666666666 0.48 0.0989583333333333 0.06
4 0.2984375 0.41 0.015625 0.0433333333333333
1 0.4328125 0.4733333333333334 0.0197916666666666 0.03
3 0.4994791666666666 0.3458333333333334 0.0135416666666666 0.0316666666666666
3 0.5015625 0.3475 0.0114583333333333 0.0316666666666666
3 0.5494791666666666 0.3425 0.015625 0.0283333333333333
3 0.55 0.3483333333333333 0.0125 0.0366666666666666
3 0.5984375 0.3458333333333334 0.0177083333333333 0.0283333333333333
3 0.5979166666666667 0.3566666666666667 0.0145833333333333 0.04
3 0.6927083333333334 0.4041666666666667 0.0166666666666666 0.0416666666666666
3 0.6927083333333334 0.4016666666666666 0.0145833333333333 0.0266666666666666
3 0.7572916666666667 0.3741666666666667 0.0166666666666666 0.0383333333333333
3 0.7609375 0.3783333333333333 0.015625 0.0466666666666666
1 0.7989583333333333 0.4741666666666667 0.0791666666666666 0.045