0 0.0213541666666666 0.5483333333333333 0.0322916666666666 0.0866666666666666
0 0.0192708333333333 0.5433333333333333 0.0197916666666666 0.07
5 0.1276041666666666 0.5291666666666667 0.0927083333333333 0.0883333333333333
1 0.20625 0.5358333333333334 0.075 0.065
5 0.2015625 0.515 0.0552083333333333 0.05
5 0.2885416666666666 0.4841666666666667 0.1083333333333333 0.175
1 0.3588541666666666 0.5208333333333334 0.0322916666666666 0.035
4 0.4234374999999999 0.3191666666666667 0.0197916666666666 0.055
1 0.4921875 0.5133333333333334 0.0510416666666666 0.0666666666666666
3 0.5 0.3175 0.0208333333333333 0.0616666666666666
3 0.6442708333333333 0.4116666666666667 0.021875 0.0633333333333333