1 0.0973958333333333 0.57875 0.19375 0.1608333333333333
5 0.1598958333333333 0.505 0.146875 0.1266666666666666
1 0.2583333333333333 0.5275000000000001 0.05 0.0716666666666666
5 0.31875 0.4991666666666667 0.0458333333333333 0.0683333333333333
3 0.3661458333333333 0.3991666666666666 0.015625 0.0416666666666666
1 0.4421875 0.52 0.0239583333333333 0.0366666666666666
1 0.5057291666666667 0.5133333333333334 0.0239583333333333 0.0533333333333333
3 0.5546875 0.2841666666666667 0.0260416666666666 0.0583333333333333
1 0.6026041666666666 0.535 0.071875 0.0766666666666666
3 0.7 0.4066666666666667 0.0145833333333333 0.0433333333333333
3 0.7005208333333334 0.4075 0.0114583333333333 0.0383333333333333