1 0.0166666666666666 0.5333333333333333 0.0291666666666666 0.0466666666666666
3 0.0604166666666666 0.4541666666666667 0.0208333333333333 0.0416666666666666
4 0.0625 0.4658333333333334 0.0166666666666666 0.0483333333333333
1 0.1572916666666666 0.5266666666666667 0.0416666666666666 0.05
1 0.2208333333333333 0.5133333333333334 0.0458333333333333 0.0533333333333333
4 0.2145833333333333 0.3725 0.01875 0.055
1 0.2807291666666666 0.5133333333333334 0.053125 0.07
3 0.2864583333333333 0.3675 0.0166666666666666 0.045
3 0.590625 0.3866666666666667 0.0333333333333333 0.06
1 0.6 0.4808333333333334 0.0479166666666666 0.0616666666666666
3 0.5901041666666667 0.3791666666666667 0.0260416666666666 0.085
2 0.665625 0.4791666666666667 0.0333333333333333 0.055
1 0.9385416666666666 0.6683333333333333 0.1208333333333333 0.31