1 0.071875 0.4791666666666667 0.14375 0.155
4 0.2619791666666666 0.32 0.0197916666666666 0.0433333333333333
1 0.2692708333333333 0.4975 0.034375 0.0316666666666666
4 0.2661458333333333 0.3225 0.021875 0.055
3 0.3484375 0.3158333333333333 0.0197916666666666 0.045
3 0.3494791666666667 0.3133333333333333 0.0177083333333333 0.0433333333333333
1 0.39375 0.5025000000000001 0.0354166666666666 0.105
3 0.4151041666666666 0.3208333333333333 0.0177083333333333 0.045
3 0.4171875 0.3191666666666667 0.0135416666666666 0.0483333333333333
1 0.4817708333333333 0.5 0.0677083333333333 0.0933333333333333
0 0.5651041666666666 0.495 0.0239583333333333 0.0933333333333333
0 0.5671875 0.4975 0.0239583333333333 0.0783333333333333
3 0.5880208333333333 0.4083333333333334 0.0177083333333333 0.0366666666666666
3 0.6473958333333333 0.345 0.021875 0.06
3 0.6458333333333334 0.3491666666666667 0.01875 0.065
1 0.7588541666666666 0.4883333333333333 0.0927083333333333 0.0666666666666666