1 0.365625 0.5483333333333333 0.13125 0.1833333333333333
3 0.4234374999999999 0.4791666666666667 0.0135416666666666 0.0416666666666666
1 0.4578125 0.515 0.028125 0.04
1 0.4921875 0.5175000000000001 0.0239583333333333 0.035
3 0.5453125 0.39 0.0135416666666666 0.0433333333333333
3 0.5458333333333333 0.3941666666666666 0.0104166666666666 0.035
1 0.5760416666666667 0.5183333333333333 0.025 0.0366666666666666
3 0.625 0.4516666666666667 0.0145833333333333 0.0366666666666666
3 0.6286458333333333 0.47 0.0114583333333333 0.0333333333333333
3 0.7984375 0.405 0.015625 0.0466666666666666
3 0.7963541666666667 0.4216666666666667 0.0114583333333333 0.0333333333333333
1 0.8692708333333333 0.5016666666666667 0.096875 0.0566666666666666
1 0.9640625 0.4966666666666667 0.0677083333333333 0.04