2 0.0244791666666666 0.5508333333333334 0.021875 0.0783333333333333
2 0.0625 0.55 0.0166666666666666 0.0733333333333333
2 0.0640625 0.5458333333333334 0.015625 0.065
2 0.0786458333333333 0.55 0.0177083333333333 0.0766666666666666
1 0.1203125 0.54 0.0760416666666666 0.08
1 0.1786458333333333 0.54 0.046875 0.0666666666666666
4 0.2807291666666666 0.2775 0.021875 0.065
3 0.3901041666666666 0.2858333333333333 0.021875 0.0716666666666666
2 0.509375 0.5316666666666667 0.0354166666666666 0.0866666666666666
0 0.509375 0.53 0.0333333333333333 0.0733333333333333
2 0.5494791666666666 0.5208333333333334 0.0177083333333333 0.0783333333333333
3 0.5630208333333333 0.41 0.0239583333333333 0.0633333333333333
2 0.5770833333333333 0.5191666666666667 0.0166666666666666 0.0816666666666666
2 0.59375 0.5208333333333334 0.01875 0.0683333333333333
0 0.6625 0.53 0.025 0.09
1 0.7692708333333333 0.53 0.1614583333333333 0.09