0 0.6064453125 0.51171875 0.0166015625 0.060546875
3 0.048828125 0.46484375 0.0126953125 0.0302734375
4 0.3212890625 0.337890625 0.0166015625 0.04296875
4 0.3203125 0.33203125 0.013671875 0.03515625
1 0.4052734375 0.541015625 0.0966796875 0.1181640625
3 0.40234375 0.3427734375 0.017578125 0.0419921875
3 0.5244140625 0.431640625 0.013671875 0.0400390625
2 0.5263671875 0.509765625 0.015625 0.0595703125
3 0.6298828125 0.3017578125 0.0283203125 0.103515625
3 0.62890625 0.302734375 0.0205078125 0.0849609375
0 0.6669921875 0.5087890625 0.0361328125 0.0595703125
2 0.7529296875 0.5078125 0.0244140625 0.08203125
2 0.7529296875 0.5029296875 0.0205078125 0.0703125