1 0.076171875 0.455078125 0.15234375 0.296875
5 0.2265625 0.4345703125 0.1630859375 0.1787109375
1 0.3349609375 0.47265625 0.06640625 0.087890625
3 0.3349609375 0.3916015625 0.0185546875 0.033203125
3 0.333984375 0.396484375 0.0146484375 0.0263671875
3 0.365234375 0.3916015625 0.0146484375 0.0263671875
3 0.3701171875 0.39453125 0.0126953125 0.0283203125
3 0.41015625 0.3896484375 0.0146484375 0.0302734375
3 0.4150390625 0.3896484375 0.0146484375 0.0283203125
3 0.4443359375 0.3916015625 0.0146484375 0.037109375
3 0.4462890625 0.3935546875 0.013671875 0.0302734375
1 0.46875 0.486328125 0.056640625 0.0634765625
3 0.515625 0.4248046875 0.0126953125 0.0263671875
1 0.5673828125 0.4736328125 0.0771484375 0.0400390625
1 0.9287109375 0.453125 0.064453125 0.04296875