1 0.3260416666666667 0.6433333333333334 0.325 0.41
4 0.28125 0.2733333333333334 0.01875 0.0533333333333333
4 0.2838541666666667 0.275 0.0197916666666666 0.06
3 0.3916666666666666 0.2825 0.0145833333333333 0.0583333333333333
2 0.565625 0.5108333333333334 0.0270833333333333 0.075
3 0.5640625 0.4033333333333334 0.015625 0.0533333333333333
2 0.565625 0.5183333333333333 0.0166666666666666 0.0766666666666666
2 0.5817708333333333 0.515 0.0135416666666666 0.07
2 0.5963541666666666 0.5033333333333334 0.0197916666666666 0.0633333333333333
0 0.6697916666666667 0.52 0.0395833333333333 0.1033333333333333
0 0.6708333333333333 0.5208333333333334 0.0229166666666666 0.0816666666666666
0 0.778125 0.5116666666666667 0.0666666666666666 0.0966666666666666
0 0.7791666666666667 0.5175000000000001 0.05 0.085
1 0.9791666666666666 0.5008333333333334 0.0395833333333333 0.0716666666666666