1 0.5270833333333333 0.5275000000000001 0.0385416666666666 0.0433333333333333
1 0.0375 0.5516666666666667 0.0583333333333333 0.2233333333333333
5 0.0953125 0.4775 0.1010416666666666 0.075
1 0.2848958333333333 0.5900000000000001 0.3260416666666667 0.4166666666666667
3 0.3166666666666666 0.3283333333333333 0.01875 0.0566666666666666
3 0.4140625 0.3258333333333333 0.0197916666666666 0.0483333333333333
3 0.4921875 0.3266666666666666 0.0197916666666666 0.0566666666666666
1 0.6447916666666667 0.545 0.0666666666666666 0.14
3 0.6791666666666667 0.4175 0.0166666666666666 0.0483333333333333
1 0.8375 0.4583333333333333 0.2312499999999999 0.1033333333333333
5 0.93125 0.4775 0.1354166666666666 0.1316666666666666
3 0.9296875 0.2566666666666667 0.053125 0.1566666666666666
2 0.9484375 0.505 0.028125 0.04