1 0.2578125 0.4755859375 0.0322265625 0.0380859375
3 0.3017578125 0.427734375 0.0166015625 0.025390625
1 0.3173828125 0.46875 0.0400390625 0.056640625
3 0.392578125 0.4111328125 0.0146484375 0.03125
3 0.4521484375 0.3583984375 0.015625 0.033203125
3 0.45703125 0.35546875 0.015625 0.0380859375
1 0.5595703125 0.46875 0.0458984375 0.0419921875
3 0.5615234375 0.4169921875 0.0107421875 0.037109375
3 0.5732421875 0.408203125 0.01171875 0.0263671875
5 0.634765625 0.43359375 0.09375 0.0830078125
1 0.708984375 0.4970703125 0.154296875 0.1728515625