1 0.0651041666666666 0.5458333333333334 0.084375 0.2216666666666666
1 0.2848958333333333 0.5883333333333334 0.3239583333333333 0.4133333333333334
3 0.3166666666666666 0.3275 0.01875 0.0583333333333333
3 0.4135416666666666 0.3266666666666666 0.0208333333333333 0.05
3 0.4916666666666666 0.3275 0.0208333333333333 0.0583333333333333
1 0.6265625 0.4991666666666667 0.2302083333333333 0.1316666666666666
5 0.6130208333333333 0.4883333333333333 0.178125 0.1333333333333333
1 0.6354166666666666 0.5433333333333333 0.0458333333333333 0.1166666666666666
3 0.6791666666666667 0.4183333333333333 0.0166666666666666 0.05
3 0.9296875 0.2566666666666667 0.0552083333333333 0.16
2 0.9505208333333334 0.515 0.028125 0.0566666666666666