5 0.10546875 0.494140625 0.15234375 0.0751953125
1 0.1630859375 0.5400390625 0.078125 0.037109375
1 0.26171875 0.533203125 0.041015625 0.037109375
1 0.3466796875 0.541015625 0.0517578125 0.0712890625
1 0.3720703125 0.537109375 0.0205078125 0.046875
4 0.42578125 0.3955078125 0.017578125 0.0380859375
3 0.4267578125 0.3955078125 0.01171875 0.03515625
3 0.4775390625 0.4013671875 0.0126953125 0.0400390625
1 0.5107421875 0.5224609375 0.033203125 0.091796875
3 0.556640625 0.458984375 0.01171875 0.025390625
2 0.8193359375 0.5400390625 0.029296875 0.1865234375