1 0.1156249999999999 0.5058333333333334 0.03125 0.0316666666666666
3 0.15 0.4133333333333334 0.01875 0.05
3 0.196875 0.4216666666666667 0.01875 0.0366666666666666
3 0.265625 0.465 0.0145833333333333 0.04
1 0.3015625 0.4958333333333333 0.0364583333333333 0.065
1 0.33125 0.4933333333333333 0.0354166666666666 0.05
3 0.4552083333333333 0.4441666666666667 0.01875 0.0383333333333333
3 0.4567708333333333 0.4408333333333333 0.0114583333333333 0.0283333333333333
1 0.5182291666666666 0.5016666666666667 0.0677083333333333 0.0966666666666666
1 0.5854166666666667 0.5166666666666667 0.05625 0.0933333333333333
1 0.6354166666666666 0.5283333333333333 0.05625 0.1466666666666666
1 0.7302083333333333 0.5675 0.15625 0.1883333333333333