1 0.0576171875 0.544921875 0.1142578125 0.09375
5 0.05859375 0.5498046875 0.1162109375 0.09375
2 0.0517578125 0.5625 0.0302734375 0.078125
5 0.138671875 0.54296875 0.072265625 0.08984375
3 0.134765625 0.4306640625 0.02734375 0.0712890625
5 0.2001953125 0.5390625 0.0625 0.0380859375
1 0.2021484375 0.5595703125 0.0625 0.05859375
1 0.3388671875 0.556640625 0.03125 0.06640625
1 0.5166015625 0.55078125 0.0615234375 0.0712890625
3 0.591796875 0.3857421875 0.029296875 0.078125
3 0.81640625 0.4384765625 0.0244140625 0.0400390625