5 0.43828125 0.4720833333333333 0.0338541666666666 0.0458333333333333
1 0.11875 0.4991666666666667 0.0645833333333333 0.0516666666666666
3 0.2838541666666667 0.4441666666666667 0.0197916666666666 0.045
1 0.3052083333333333 0.4933333333333333 0.0583333333333333 0.05
3 0.38125 0.3541666666666667 0.0145833333333333 0.025
1 0.4145833333333333 0.4866666666666667 0.0354166666666666 0.0433333333333333
3 0.440625 0.3691666666666667 0.0145833333333333 0.0416666666666666
3 0.4401041666666667 0.375 0.0135416666666666 0.0233333333333333
3 0.4880208333333333 0.3708333333333333 0.0177083333333333 0.0416666666666666
3 0.4869791666666667 0.3866666666666667 0.0114583333333333 0.0266666666666666
1 0.5369791666666667 0.4816666666666667 0.034375 0.0366666666666666
3 0.5755208333333334 0.4375 0.0197916666666666 0.0483333333333333
3 0.5776041666666667 0.4358333333333333 0.0114583333333333 0.0283333333333333
1 0.6515625 0.5091666666666667 0.109375 0.135
1 0.6869791666666667 0.5358333333333334 0.1052083333333333 0.1283333333333333
3 0.6807291666666666 0.3783333333333333 0.0197916666666666 0.0566666666666666
3 0.6817708333333333 0.3891666666666667 0.0177083333333333 0.0316666666666666
1 0.9197916666666668 0.6316666666666667 0.1583333333333333 0.3933333333333333