1 0.0614583333333333 0.4941666666666667 0.1208333333333333 0.105
4 0.1510416666666666 0.4066666666666667 0.0229166666666666 0.0566666666666666
3 0.4088541666666667 0.3633333333333333 0.015625 0.0366666666666666
1 0.4453125 0.49 0.0385416666666666 0.0633333333333333
1 0.4973958333333333 0.5091666666666667 0.0885416666666666 0.1216666666666666
3 0.4869791666666667 0.3241666666666667 0.0135416666666666 0.0516666666666666
1 0.615625 0.5091666666666667 0.0666666666666666 0.085
3 0.6005208333333333 0.4108333333333334 0.0177083333333333 0.0416666666666666
3 0.7145833333333333 0.3775 0.0229166666666666 0.0583333333333333
3 0.7171875 0.3625 0.021875 0.0416666666666666
2 0.8260416666666667 0.495 0.03125 0.09
2 0.8302083333333333 0.4991666666666667 0.0291666666666666 0.0816666666666666
1 0.8822916666666667 0.4908333333333333 0.075 0.0716666666666666