1 0.0239583333333333 0.5533333333333333 0.0479166666666666 0.07
1 0.0645833333333333 0.535 0.0541666666666666 0.0666666666666666
1 0.1109375 0.5425 0.071875 0.0716666666666666
5 0.2067708333333333 0.525 0.078125 0.1133333333333333
1 0.2088541666666666 0.5258333333333334 0.078125 0.115
4 0.2895833333333333 0.4233333333333333 0.0229166666666666 0.06
4 0.290625 0.4191666666666667 0.0208333333333333 0.0716666666666666
1 0.3875 0.4825 0.0270833333333333 0.0216666666666666
1 0.4145833333333333 0.4725 0.0229166666666666 0.0283333333333333
1 0.5098958333333333 0.4941666666666667 0.0239583333333333 0.0316666666666666
1 0.5505208333333333 0.4975 0.046875 0.0516666666666666
3 0.6015625 0.2516666666666667 0.021875 0.07
3 0.6020833333333333 0.2508333333333333 0.0208333333333333 0.0716666666666666
1 0.6994791666666667 0.5275000000000001 0.084375 0.0683333333333333
3 0.7854166666666667 0.39 0.01875 0.0533333333333333
2 0.7911458333333333 0.515 0.0197916666666666 0.0733333333333333