1 0.3625 0.5533333333333333 0.1479166666666666 0.2066666666666667
3 0.4296875 0.4766666666666667 0.0135416666666666 0.0366666666666666
1 0.4921875 0.5183333333333333 0.0364583333333333 0.04
1 0.5307291666666667 0.5116666666666667 0.0364583333333333 0.0566666666666666
3 0.5557291666666666 0.3816666666666667 0.0135416666666666 0.0433333333333333
3 0.5541666666666667 0.3875 0.0104166666666666 0.0383333333333333
3 0.6375 0.4533333333333333 0.0145833333333333 0.0366666666666666
3 0.6390625 0.4683333333333334 0.0114583333333333 0.0333333333333333
3 0.8213541666666666 0.4 0.015625 0.0466666666666666
3 0.8239583333333333 0.4033333333333334 0.0125 0.05
1 0.8984375 0.4966666666666667 0.096875 0.0566666666666666