2 0.5046875 0.5308333333333334 0.0145833333333333 0.0583333333333333
2 0.496875 0.5404166666666667 0.0114583333333333 0.0358333333333333
1 0.090625 0.5983333333333334 0.1802083333333333 0.2533333333333333
1 0.1947916666666666 0.5358333333333334 0.05 0.0516666666666666
1 0.26875 0.5283333333333333 0.05 0.0533333333333333
2 0.4296875 0.5333333333333333 0.0177083333333333 0.0633333333333333
2 0.4302083333333333 0.5308333333333334 0.0166666666666666 0.0583333333333333
2 0.4442708333333333 0.53 0.015625 0.0633333333333333
2 0.45 0.5425 0.0145833333333333 0.0483333333333333
2 0.4838541666666666 0.5325000000000001 0.021875 0.0583333333333333
2 0.6692708333333334 0.5233333333333333 0.0364583333333333 0.1
2 0.7010416666666667 0.5216666666666667 0.0270833333333333 0.1233333333333333
2 0.7036458333333333 0.5191666666666667 0.0302083333333333 0.105