1 0.0354166666666666 0.5650000000000001 0.0708333333333333 0.0766666666666666
1 0.1479166666666666 0.5466666666666667 0.0458333333333333 0.0566666666666666
1 0.2036458333333333 0.545 0.0322916666666666 0.04
4 0.3833333333333333 0.4675 0.01875 0.0283333333333333
4 0.3817708333333333 0.475 0.0114583333333333 0.0333333333333333
1 0.4427083333333333 0.5358333333333334 0.0375 0.085
3 0.4442708333333333 0.4316666666666667 0.015625 0.04
3 0.4447916666666666 0.4341666666666667 0.0104166666666666 0.0283333333333333
3 0.4713541666666667 0.4741666666666667 0.0135416666666666 0.0483333333333333
3 0.4708333333333333 0.4741666666666667 0.0104166666666666 0.0283333333333333
3 0.5135416666666667 0.4575 0.025 0.0583333333333333
3 0.5104166666666666 0.4533333333333333 0.0104166666666666 0.0366666666666666
1 0.5713541666666666 0.5408333333333334 0.0927083333333333 0.1016666666666666
1 0.7088541666666667 0.55 0.184375 0.2233333333333333