1 0.0505208333333333 0.5583333333333333 0.1010416666666666 0.1266666666666666
5 0.109375 0.505 0.1041666666666666 0.1033333333333333
5 0.1072916666666666 0.5083333333333334 0.0895833333333333 0.1
1 0.3416666666666667 0.555 0.2 0.2666666666666666
3 0.3260416666666667 0.34 0.01875 0.0433333333333333
3 0.4145833333333333 0.3333333333333333 0.0145833333333333 0.04
1 0.5098958333333333 0.5216666666666667 0.1302083333333333 0.08
3 0.4875 0.3366666666666666 0.0125 0.04
3 0.6609375 0.42 0.0177083333333333 0.0466666666666666
3 0.659375 0.4166666666666667 0.0145833333333333 0.0333333333333333
1 0.7807291666666667 0.5175000000000001 0.1177083333333333 0.0616666666666666
3 0.8312499999999999 0.295 0.0354166666666666 0.1066666666666666
2 0.8864583333333333 0.5275000000000001 0.0270833333333333 0.0983333333333333