2 0.8723958333333334 0.4645833333333333 0.0208333333333333 0.0741666666666666
1 0.0135416666666666 0.5683333333333334 0.0260416666666666 0.1066666666666666
1 0.0947916666666666 0.545 0.0520833333333333 0.0533333333333333
1 0.2458333333333333 0.5233333333333333 0.03125 0.04
1 0.40625 0.5283333333333333 0.0416666666666666 0.07
2 0.6005208333333333 0.5016666666666667 0.021875 0.08
2 0.75625 0.4958333333333333 0.0208333333333333 0.095
2 0.8151041666666666 0.4675 0.0197916666666666 0.0416666666666666
1 0.9255208333333332 0.5825 0.146875 0.2183333333333333
2 0.8739583333333333 0.5175000000000001 0.0229166666666666 0.085
2 0.8973958333333333 0.4975 0.0239583333333333 0.0416666666666666