3 0.1 0.2775 0.01875 0.0683333333333333
1 0.1770833333333333 0.5191666666666667 0.0708333333333333 0.0583333333333333
1 0.2515625 0.5166666666666667 0.0177083333333333 0.03
3 0.2703125 0.3691666666666667 0.0197916666666666 0.055
3 0.3354166666666666 0.3175 0.0166666666666666 0.0483333333333333
3 0.3807291666666667 0.4141666666666667 0.0114583333333333 0.025
3 0.4145833333333333 0.44 0.0145833333333333 0.0333333333333333
1 0.4536458333333333 0.5066666666666667 0.0260416666666666 0.0533333333333333
3 0.5 0.4 0.01875 0.0366666666666666
1 0.509375 0.5216666666666667 0.0354166666666666 0.05
1 0.646875 0.5325000000000001 0.0979166666666666 0.125
5 0.6958333333333333 0.51 0.0708333333333333 0.0966666666666666
5 0.7067708333333333 0.5133333333333334 0.0739583333333333 0.0966666666666666
1 0.7895833333333333 0.5525 0.1166666666666666 0.1216666666666666
3 0.7651041666666667 0.4108333333333334 0.0177083333333333 0.0516666666666666
3 0.7989583333333333 0.3583333333333333 0.0166666666666666 0.0433333333333333
1 0.9833333333333332 0.6591666666666667 0.0291666666666666 0.195