3 0.0615234375 0.44921875 0.0205078125 0.0419921875
4 0.0634765625 0.4638671875 0.0166015625 0.0478515625
1 0.126953125 0.5224609375 0.0341796875 0.044921875
1 0.171875 0.5205078125 0.03515625 0.0419921875
1 0.220703125 0.51171875 0.0458984375 0.0537109375
4 0.21484375 0.37109375 0.0185546875 0.0546875
1 0.2666015625 0.5087890625 0.041015625 0.08984375
3 0.587890625 0.375 0.033203125 0.0595703125
2 0.716796875 0.4951171875 0.044921875 0.0966796875
2 0.7138671875 0.5068359375 0.03515625 0.1103515625
1 0.9375 0.66796875 0.123046875 0.3095703125