2 0.290625 0.5483333333333333 0.0114583333333333 0.045
2 0.2731770833333333 0.5541666666666667 0.0140625 0.065
2 0.59375 0.5220833333333333 0.0114583333333333 0.0608333333333333
2 0.25703125 0.5570833333333334 0.0171875 0.0741666666666666
2 0.1380208333333333 0.5616666666666666 0.0239583333333333 0.06
2 0.1869791666666666 0.5558333333333334 0.021875 0.0816666666666666
3 0.2515625 0.445 0.015625 0.04
1 0.4328125 0.5775 0.178125 0.2616666666666666
3 0.5848958333333333 0.4216666666666667 0.0197916666666666 0.06
2 0.6088541666666667 0.5191666666666667 0.015625 0.0616666666666666
2 0.659375 0.5141666666666667 0.0291666666666666 0.0783333333333333
1 0.8395833333333333 0.6691666666666667 0.3166666666666666 0.4483333333333333