1 0.0479166666666666 0.5425 0.06875 0.0383333333333333
1 0.1822916666666666 0.555 0.1083333333333333 0.0866666666666666
1 0.3630208333333333 0.5816666666666667 0.146875 0.1966666666666666
3 0.359375 0.375 0.0166666666666666 0.0433333333333333
3 0.4182291666666666 0.4141666666666667 0.015625 0.045
1 0.475 0.5366666666666667 0.0479166666666666 0.0566666666666666
1 0.5526041666666667 0.54 0.1114583333333333 0.15
3 0.5401041666666666 0.3575 0.0177083333333333 0.045
2 0.6567708333333333 0.5375000000000001 0.0177083333333333 0.0616666666666666
3 0.7244791666666667 0.46 0.0114583333333333 0.0366666666666666
1 0.9109375 0.7375 0.1697916666666666 0.4816666666666667