1 0.1255208333333333 0.5533333333333333 0.0739583333333333 0.0866666666666666
1 0.2145833333333333 0.5516666666666667 0.0395833333333333 0.0533333333333333
4 0.2770833333333333 0.3291666666666666 0.0166666666666666 0.055
3 0.28125 0.3266666666666666 0.0145833333333333 0.0433333333333333
1 0.3838541666666666 0.5408333333333334 0.034375 0.045
3 0.3791666666666666 0.33 0.01875 0.06
3 0.3791666666666666 0.35 0.0166666666666666 0.0366666666666666
3 0.465625 0.3491666666666667 0.01875 0.075
3 0.4677083333333333 0.3533333333333333 0.01875 0.04
1 0.4796875 0.5416666666666667 0.0427083333333333 0.0566666666666666
1 0.5942708333333333 0.5408333333333334 0.059375 0.0683333333333333
3 0.6395833333333333 0.4508333333333333 0.0208333333333333 0.035
1 0.6416666666666666 0.4383333333333333 0.0208333333333333 0.0466666666666666