2 0.8820312499999999 0.5429166666666667 0.0130208333333333 0.0525
1 0.0934895833333333 0.5254166666666668 0.0598958333333333 0.0391666666666666
3 0.0369791666666666 0.2433333333333333 0.021875 0.0766666666666666
1 0.20625 0.5408333333333334 0.0875 0.0716666666666666
1 0.3369791666666666 0.6241666666666668 0.2302083333333333 0.2816666666666667
3 0.2463541666666666 0.3541666666666667 0.0197916666666666 0.055
3 0.3260416666666667 0.2916666666666667 0.0229166666666666 0.06
3 0.3859375 0.4175 0.0135416666666666 0.035
3 0.3880208333333333 0.4216666666666667 0.0177083333333333 0.0333333333333333
3 0.4239583333333333 0.4475 0.0166666666666666 0.0316666666666666
1 0.4822916666666667 0.5275000000000001 0.0270833333333333 0.0316666666666666
3 0.5125 0.405 0.0125 0.0333333333333333
3 0.5161458333333333 0.4058333333333334 0.0177083333333333 0.045
1 0.6020833333333333 0.5658333333333334 0.1458333333333333 0.185
1 0.6390625 0.53 0.0447916666666666 0.0766666666666666
3 0.65 0.4741666666666667 0.0125 0.0316666666666666
3 0.8484375 0.4041666666666667 0.015625 0.0583333333333333
3 0.8619791666666666 0.3541666666666667 0.0197916666666666 0.0416666666666666
3 0.9135416666666668 0.3391666666666666 0.0208333333333333 0.0616666666666666