1 0.95546875 0.5191666666666667 0.0880208333333333 0.0833333333333333
5 0.0458333333333333 0.5366666666666667 0.090625 0.0766666666666666
1 0.2317708333333333 0.5358333333333334 0.0239583333333333 0.0416666666666666
3 0.2875 0.4266666666666667 0.0145833333333333 0.0433333333333333
3 0.340625 0.43 0.0145833333333333 0.0366666666666666
3 0.3854166666666667 0.435 0.01875 0.04
1 0.3942708333333333 0.5291666666666667 0.0364583333333333 0.0416666666666666
3 0.4739583333333333 0.485 0.0145833333333333 0.0366666666666666
1 0.5244791666666666 0.5566666666666668 0.1010416666666666 0.1233333333333333
3 0.5552083333333333 0.455 0.0166666666666666 0.0466666666666666
1 0.7807291666666667 0.5633333333333334 0.1489583333333333 0.12