1 0.0478515625 0.546875 0.095703125 0.16796875
3 0.1640625 0.4716796875 0.01171875 0.0263671875
1 0.232421875 0.5234375 0.0419921875 0.09375
1 0.3427734375 0.5185546875 0.0537109375 0.0400390625
4 0.3515625 0.390625 0.013671875 0.03515625
3 0.404296875 0.39453125 0.01171875 0.033203125
3 0.4921875 0.4599609375 0.013671875 0.0400390625
1 0.5244140625 0.5126953125 0.0595703125 0.0380859375
3 0.5185546875 0.4072265625 0.0205078125 0.0546875
3 0.51953125 0.412109375 0.015625 0.0419921875
2 0.828125 0.453125 0.0166015625 0.046875
2 0.8642578125 0.4462890625 0.0224609375 0.0537109375