1 0.1635416666666666 0.4983333333333333 0.0895833333333333 0.0566666666666666
3 0.2880208333333333 0.3841666666666667 0.0447916666666666 0.1383333333333333
3 0.2833333333333333 0.3708333333333333 0.0270833333333333 0.095
1 0.3307291666666667 0.5075000000000001 0.0802083333333333 0.0583333333333333
1 0.5229166666666667 0.4933333333333333 0.0666666666666666 0.0566666666666666
4 0.575 0.1275 0.0229166666666666 0.055
4 0.5760416666666667 0.1425 0.01875 0.0616666666666666
3 0.5869791666666666 0.375 0.015625 0.0466666666666666
3 0.5880208333333333 0.3725 0.015625 0.0383333333333333
1 0.6442708333333333 0.485 0.078125 0.0566666666666666
3 0.6614583333333334 0.3616666666666667 0.0145833333333333 0.04
3 0.6630208333333333 0.3633333333333333 0.015625 0.04
3 0.7239583333333334 0.42 0.0166666666666666 0.04
3 0.7265625 0.415 0.0135416666666666 0.0266666666666666
3 0.7369791666666666 0.1858333333333333 0.021875 0.0616666666666666
3 0.7395833333333334 0.1866666666666666 0.01875 0.0566666666666666
1 0.8666666666666667 0.5916666666666667 0.2625 0.34
3 0.9380208333333332 0.3416666666666667 0.0239583333333333 0.06
2 0.9921875 0.5108333333333334 0.0135416666666666 0.0783333333333333