2 0.6953125 0.5012500000000001 0.015625 0.0708333333333333
2 0.6817708333333333 0.5033333333333334 0.0145833333333333 0.0583333333333333
2 0.6278645833333333 0.49875 0.0161458333333333 0.0658333333333333
2 0.6143229166666666 0.4995833333333334 0.0151041666666666 0.0691666666666666
2 0.0348958333333333 0.545 0.0197916666666666 0.0933333333333333
2 0.0463541666666666 0.5175000000000001 0.0197916666666666 0.0416666666666666
1 0.1036458333333333 0.5408333333333334 0.1114583333333333 0.0716666666666666
3 0.2541666666666666 0.42 0.0229166666666666 0.0566666666666666
1 0.4640625 0.5366666666666667 0.090625 0.1833333333333333
3 0.5114583333333333 0.4075 0.0208333333333333 0.0616666666666666
2 0.5515625 0.53 0.028125 0.1233333333333333
2 0.5635416666666666 0.5175000000000001 0.0145833333333333 0.1116666666666666
2 0.5786458333333333 0.4983333333333333 0.021875 0.07
2 0.584375 0.5125000000000001 0.0208333333333333 0.115
2 0.7203125 0.5033333333333334 0.040625 0.0866666666666666
1 0.8640625 0.5991666666666667 0.2572916666666666 0.4583333333333333
2 0.7630208333333334 0.4533333333333333 0.0322916666666666 0.0666666666666666