1 0.3651041666666667 0.5275000000000001 0.0927083333333333 0.145
3 0.3255208333333333 0.4783333333333334 0.0114583333333333 0.0366666666666666
1 0.4463541666666666 0.5075000000000001 0.0364583333333333 0.0416666666666666
1 0.4828125 0.5091666666666667 0.0239583333333333 0.035
3 0.5130208333333334 0.3883333333333333 0.0135416666666666 0.0433333333333333
3 0.5151041666666667 0.3958333333333333 0.0114583333333333 0.035
3 0.5885416666666666 0.4466666666666667 0.0145833333333333 0.0366666666666666
3 0.5901041666666667 0.465 0.0114583333333333 0.0333333333333333
3 0.715625 0.4141666666666667 0.0145833333333333 0.0316666666666666
3 0.7151041666666667 0.425 0.0114583333333333 0.0333333333333333
1 0.7927083333333333 0.4891666666666667 0.0916666666666666 0.0616666666666666
1 0.8703124999999999 0.4925 0.034375 0.0316666666666666