1 0.0359375 0.5641666666666667 0.071875 0.1316666666666666
5 0.0947916666666666 0.5058333333333334 0.1125 0.1016666666666666
5 0.0947916666666666 0.5133333333333334 0.1041666666666666 0.11
1 0.3260416666666667 0.5591666666666667 0.2312499999999999 0.315
3 0.3229166666666667 0.3316666666666666 0.01875 0.0433333333333333
3 0.4156249999999999 0.325 0.0145833333333333 0.04
3 0.4885416666666666 0.33 0.0125 0.04
1 0.7 0.5625 0.1729166666666666 0.175
3 0.6682291666666667 0.42 0.0177083333333333 0.0466666666666666
3 0.6677083333333333 0.415 0.0145833333333333 0.0333333333333333
3 0.8671875 0.275 0.0385416666666666 0.1233333333333333
2 0.9182291666666668 0.53 0.028125 0.1033333333333333