2 0.8942708333333333 0.5370833333333334 0.084375 0.3375
2 0.8208333333333333 0.5533333333333333 0.0666666666666666 0.315
2 0.1130208333333333 0.5591666666666667 0.0177083333333333 0.145
2 0.1145833333333333 0.5575 0.0145833333333333 0.145
2 0.1239583333333333 0.5650000000000001 0.0145833333333333 0.13
2 0.1380208333333333 0.5658333333333334 0.0197916666666666 0.1216666666666666
2 0.1411458333333333 0.5666666666666667 0.0197916666666666 0.1233333333333333
2 0.2760416666666667 0.5583333333333333 0.0166666666666666 0.0733333333333333
2 0.2854166666666666 0.5633333333333334 0.0125 0.0666666666666666
2 0.3619791666666667 0.5691666666666667 0.0427083333333333 0.055
1 0.4375 0.5691666666666667 0.0416666666666666 0.055
2 0.5838541666666667 0.5541666666666667 0.0322916666666666 0.155
2 0.5848958333333333 0.5533333333333333 0.0260416666666666 0.15
2 0.7473958333333334 0.5525 0.034375 0.1883333333333333