1 0.041015625 0.5205078125 0.08203125 0.0986328125
1 0.05078125 0.5380859375 0.080078125 0.18359375
1 0.28515625 0.5888671875 0.3232421875 0.412109375
3 0.31640625 0.328125 0.01953125 0.0595703125
3 0.4140625 0.326171875 0.021484375 0.0517578125
3 0.4912109375 0.3271484375 0.0205078125 0.0615234375
1 0.556640625 0.49609375 0.125 0.1279296875
5 0.556640625 0.4921875 0.119140625 0.1318359375
1 0.6357421875 0.54296875 0.0458984375 0.1162109375
3 0.6787109375 0.41796875 0.0166015625 0.0498046875
3 0.9306640625 0.255859375 0.056640625 0.162109375
2 0.951171875 0.515625 0.0283203125 0.05859375