1 0.0515625 0.5775 0.103125 0.1783333333333333
2 0.1010416666666666 0.5275000000000001 0.0208333333333333 0.035
2 0.2057291666666666 0.5491666666666667 0.021875 0.1116666666666666
3 0.2359375 0.4366666666666667 0.0135416666666666 0.0466666666666666
2 0.2463541666666666 0.5441666666666667 0.021875 0.1116666666666666
2 0.2520833333333333 0.5425 0.0166666666666666 0.1116666666666666
2 0.2619791666666666 0.5458333333333334 0.015625 0.105
2 0.28125 0.5391666666666667 0.0125 0.0883333333333333
2 0.2802083333333333 0.5458333333333334 0.0104166666666666 0.0983333333333333
2 0.2942708333333333 0.5366666666666667 0.0197916666666666 0.12
2 0.3958333333333333 0.5391666666666667 0.0166666666666666 0.0916666666666666
2 0.4130208333333333 0.5325000000000001 0.0427083333333333 0.1083333333333333
2 0.403125 0.5333333333333333 0.0145833333333333 0.1033333333333333
2 0.5286458333333334 0.5233333333333333 0.0239583333333333 0.1033333333333333
2 0.53125 0.5225000000000001 0.0270833333333333 0.1083333333333333
3 0.5333333333333333 0.4208333333333333 0.0166666666666666 0.0483333333333333
1 0.5635416666666666 0.5541666666666667 0.0520833333333333 0.135
1 0.8432291666666667 0.6758333333333334 0.309375 0.5016666666666667