1 0.0203125 0.6425000000000001 0.0395833333333333 0.3816666666666667
1 0.1078124999999999 0.5091666666666667 0.046875 0.0483333333333333
4 0.1 0.3266666666666666 0.01875 0.05
4 0.1026041666666666 0.3208333333333333 0.015625 0.0383333333333333
3 0.1932291666666666 0.33 0.015625 0.0433333333333333
3 0.1927083333333333 0.3416666666666667 0.0145833333333333 0.0366666666666666
1 0.2270833333333333 0.5075000000000001 0.0375 0.055
3 0.3234375 0.4275 0.0135416666666666 0.0316666666666666
3 0.328125 0.4383333333333333 0.0145833333333333 0.04
1 0.6973958333333333 0.4716666666666667 0.1010416666666666 0.0766666666666666
3 0.7432291666666666 0.2741666666666666 0.021875 0.0883333333333333
3 0.7458333333333333 0.3066666666666667 0.01875 0.0366666666666666
1 0.790625 0.47 0.0979166666666666 0.0566666666666666