1 0.4447916666666666 0.5133333333333334 0.0208333333333333 0.0466666666666666
1 0.5203125 0.5066666666666667 0.028125 0.0366666666666666
3 0.5625 0.3825 0.0145833333333333 0.0516666666666666
4 0.5713541666666666 0.0225 0.0239583333333333 0.045
3 0.6505208333333333 0.3791666666666667 0.0177083333333333 0.055
3 0.7276041666666666 0.4275 0.0197916666666666 0.055
3 0.8161458333333333 0.0775 0.0385416666666666 0.1183333333333333
3 0.8145833333333333 0.0716666666666666 0.0270833333333333 0.0933333333333333
1 0.8614583333333333 0.51 0.06875 0.0466666666666666
1 0.9786458333333332 0.5066666666666667 0.0364583333333333 0.0366666666666666
2 0.9885416666666668 0.5258333333333334 0.01875 0.0583333333333333