1 0.0400390625 0.4267578125 0.080078125 0.080078125
1 0.1298828125 0.431640625 0.0478515625 0.08984375
1 0.1904296875 0.45703125 0.0498046875 0.0634765625
1 0.28515625 0.4521484375 0.048828125 0.0595703125
3 0.4248046875 0.4169921875 0.0126953125 0.0234375
3 0.4990234375 0.3916015625 0.0107421875 0.0302734375
1 0.62890625 0.48046875 0.0498046875 0.0517578125
1 0.7236328125 0.4912109375 0.0361328125 0.0478515625
1 0.7900390625 0.50390625 0.056640625 0.05859375
1 0.90234375 0.51171875 0.0439453125 0.04296875
1 0.953125 0.5615234375 0.08984375 0.13671875