1 0.0224609375 0.5654296875 0.044921875 0.2099609375
5 0.076171875 0.501953125 0.1083984375 0.0869140625
1 0.2841796875 0.591796875 0.3291015625 0.4228515625
3 0.318359375 0.3291015625 0.017578125 0.0517578125
3 0.4140625 0.326171875 0.017578125 0.044921875
3 0.4912109375 0.326171875 0.0166015625 0.0517578125
1 0.54296875 0.525390625 0.0400390625 0.0517578125
1 0.69140625 0.5634765625 0.1552734375 0.1728515625
2 0.630859375 0.5185546875 0.0185546875 0.056640625
2 0.630859375 0.5146484375 0.0146484375 0.0400390625
3 0.6796875 0.416015625 0.015625 0.044921875
5 0.8564453125 0.48046875 0.19140625 0.1337890625
3 0.9287109375 0.251953125 0.048828125 0.146484375
2 0.953125 0.5419921875 0.029296875 0.1201171875