1 0.0552083333333333 0.5566666666666668 0.0604166666666666 0.07
1 0.2395833333333333 0.535 0.0458333333333333 0.05
4 0.3661458333333333 0.4458333333333333 0.0135416666666666 0.0383333333333333
4 0.3703125 0.4475 0.0177083333333333 0.0416666666666666
1 0.4265625 0.5425 0.0427083333333333 0.095
3 0.4567708333333333 0.3991666666666666 0.0114583333333333 0.0316666666666666
3 0.459375 0.4075 0.0145833333333333 0.0483333333333333
3 0.4916666666666666 0.4525 0.0166666666666666 0.0383333333333333
3 0.4932291666666666 0.4558333333333333 0.0114583333333333 0.035
3 0.5708333333333333 0.4125 0.0229166666666666 0.0683333333333333
3 0.5677083333333334 0.4075 0.0145833333333333 0.045
1 0.8072916666666666 0.5025000000000001 0.14375 0.1116666666666666