2 0.6236979166666666 0.5 0.0109375 0.0416666666666666
2 0.57578125 0.50375 0.0109375 0.0425
2 0.509375 0.5108333333333334 0.0114583333333333 0.045
1 0.0651041666666666 0.5341666666666667 0.1291666666666666 0.175
3 0.1109375 0.47 0.0197916666666666 0.0433333333333333
3 0.1114583333333333 0.4683333333333334 0.0125 0.03
1 0.228125 0.5308333333333334 0.0645833333333333 0.0783333333333333
4 0.3354166666666666 0.3616666666666667 0.0145833333333333 0.04
4 0.3401041666666666 0.3658333333333333 0.0135416666666666 0.035
3 0.4036458333333333 0.3633333333333333 0.0114583333333333 0.0333333333333333
1 0.4682291666666666 0.5141666666666667 0.053125 0.0483333333333333
3 0.5078125 0.44 0.0135416666666666 0.04
3 0.5640625 0.3641666666666667 0.0239583333333333 0.065
3 0.5614583333333333 0.3716666666666667 0.0145833333333333 0.0633333333333333