1 0.1140625 0.5616666666666666 0.084375 0.0633333333333333
1 0.1661458333333333 0.5475 0.0572916666666666 0.0616666666666666
1 0.2697916666666666 0.5383333333333333 0.0375 0.0366666666666666
1 0.3020833333333333 0.5366666666666667 0.025 0.03
1 0.3364583333333333 0.53 0.0145833333333333 0.0266666666666666
3 0.3979166666666666 0.4125 0.0125 0.0316666666666666
3 0.3989583333333333 0.4133333333333334 0.0145833333333333 0.0333333333333333
3 0.4510416666666667 0.4066666666666667 0.0125 0.03
3 0.4515625 0.4075 0.0135416666666666 0.0283333333333333
1 0.5083333333333333 0.53 0.0354166666666666 0.0433333333333333
3 0.5255208333333333 0.4691666666666667 0.0135416666666666 0.0383333333333333
3 0.5255208333333333 0.4658333333333334 0.0114583333333333 0.0283333333333333