2 0.865234375 0.5224609375 0.04296875 0.1572265625
1 0.173828125 0.53125 0.07421875 0.0615234375
1 0.3486328125 0.5078125 0.041015625 0.03125
5 0.3876953125 0.4921875 0.0380859375 0.05859375
1 0.4326171875 0.5087890625 0.033203125 0.0380859375
5 0.482421875 0.48828125 0.03515625 0.080078125
1 0.6455078125 0.5302734375 0.193359375 0.2197265625
2 0.7802734375 0.5205078125 0.0380859375 0.162109375
2 0.7802734375 0.51953125 0.0341796875 0.15625
2 0.791015625 0.5126953125 0.0205078125 0.162109375
2 0.8125 0.509765625 0.02734375 0.1435546875