1 0.0229166666666666 0.5308333333333334 0.0458333333333333 0.1183333333333333
1 0.1005208333333333 0.5308333333333334 0.0677083333333333 0.0616666666666666
1 0.1604166666666666 0.5283333333333333 0.05 0.0466666666666666
2 0.2046875 0.5258333333333334 0.0135416666666666 0.0783333333333333
2 0.21875 0.5216666666666667 0.0166666666666666 0.0833333333333333
2 0.3223958333333333 0.5283333333333333 0.015625 0.0533333333333333
0 0.3260416666666667 0.5275000000000001 0.01875 0.055
2 0.328125 0.5283333333333333 0.0104166666666666 0.0533333333333333
1 0.3927083333333333 0.5341666666666667 0.0916666666666666 0.0616666666666666
1 0.55 0.5366666666666667 0.25 0.1433333333333333
2 0.4473958333333333 0.4991666666666667 0.0239583333333333 0.0616666666666666