0 0.0213541666666666 0.5483333333333333 0.0322916666666666 0.0866666666666666
0 0.0192708333333333 0.5433333333333333 0.0197916666666666 0.07
2 0.0739583333333333 0.535 0.0145833333333333 0.0666666666666666
1 0.1239583333333333 0.5308333333333334 0.09375 0.0983333333333333
5 0.1276041666666666 0.5291666666666667 0.0927083333333333 0.0883333333333333
1 0.1994791666666666 0.5066666666666667 0.065625 0.04
5 0.2015625 0.515 0.0552083333333333 0.05
5 0.290625 0.4825 0.1083333333333333 0.175
1 0.3890625 0.52 0.0385416666666666 0.0533333333333333
4 0.4234374999999999 0.3191666666666667 0.0197916666666666 0.055
3 0.5 0.3175 0.0208333333333333 0.0616666666666666
3 0.6442708333333333 0.4116666666666667 0.021875 0.0633333333333333
1 0.8401041666666667 0.5258333333333334 0.153125 0.0816666666666666