1 0.9408854166666668 0.645 0.1171875 0.3116666666666667
1 0.090625 0.5616666666666666 0.1770833333333333 0.1833333333333333
2 0.1682291666666666 0.5208333333333334 0.0135416666666666 0.0716666666666666
3 0.2723958333333333 0.4358333333333333 0.015625 0.0416666666666666
1 0.3609375 0.5875 0.1760416666666666 0.2183333333333333
1 0.4927083333333333 0.5141666666666667 0.0458333333333333 0.065
3 0.5 0.4241666666666667 0.0208333333333333 0.0616666666666666
3 0.4989583333333333 0.4175 0.0166666666666666 0.0383333333333333
2 0.5234375 0.5233333333333333 0.0260416666666666 0.0966666666666666
2 0.5234375 0.5183333333333333 0.0177083333333333 0.0866666666666666
2 0.5322916666666666 0.5208333333333334 0.0145833333333333 0.085
2 0.5546875 0.5166666666666667 0.015625 0.0933333333333333
2 0.5723958333333333 0.4966666666666667 0.021875 0.07
2 0.5729166666666666 0.5033333333333334 0.0145833333333333 0.0666666666666666