1 0.9169270833333332 0.48875 0.0963541666666666 0.0441666666666666
3 0.0630208333333333 0.0683333333333333 0.084375 0.1333333333333333
1 0.2119791666666666 0.5125000000000001 0.0802083333333333 0.0783333333333333
1 0.2682291666666667 0.5158333333333334 0.1177083333333333 0.1016666666666666
1 0.4291666666666666 0.4933333333333333 0.0791666666666666 0.07
3 0.571875 0.0275 0.0291666666666666 0.0516666666666666
3 0.565625 0.3633333333333333 0.0145833333333333 0.0466666666666666
3 0.653125 0.3583333333333333 0.0166666666666666 0.05
3 0.6526041666666667 0.3575 0.009375 0.0383333333333333
3 0.7286458333333333 0.4191666666666667 0.0135416666666666 0.0483333333333333
1 0.7885416666666667 0.4983333333333333 0.10625 0.0566666666666666
3 0.8010416666666667 0.075 0.0291666666666666 0.0933333333333333
1 0.8619791666666666 0.4891666666666667 0.071875 0.055