4 0.0546875 0.4641666666666666 0.0364583333333333 0.11
1 0.0325520833333333 0.52875 0.0505208333333333 0.0558333333333333
5 0.1755208333333333 0.4916666666666667 0.1197916666666666 0.1933333333333333
5 0.2546875 0.4975 0.046875 0.095
1 0.2572916666666666 0.4941666666666667 0.0395833333333333 0.085
4 0.3114583333333333 0.4266666666666667 0.01875 0.05
4 0.3114583333333333 0.425 0.0166666666666666 0.05
1 0.3755208333333333 0.5025000000000001 0.053125 0.085
1 0.3817708333333333 0.4533333333333333 0.0177083333333333 0.0233333333333333
1 0.4494791666666666 0.5175000000000001 0.078125 0.125
1 0.5041666666666667 0.4708333333333334 0.0375 0.0416666666666666
3 0.5302083333333333 0.3025 0.0166666666666666 0.055
3 0.5322916666666666 0.3 0.01875 0.0533333333333333
1 0.55 0.4875 0.0416666666666666 0.0483333333333333
3 0.6645833333333333 0.4025 0.0166666666666666 0.0416666666666666
2 0.6692708333333334 0.4883333333333333 0.0177083333333333 0.0666666666666666
1 0.8177083333333334 0.5041666666666667 0.1375 0.0683333333333333