1 0.1197916666666666 0.5408333333333334 0.0770833333333333 0.0816666666666666
1 0.1796875 0.5416666666666667 0.0427083333333333 0.0533333333333333
4 0.2802083333333333 0.2783333333333334 0.0229166666666666 0.0666666666666666
3 0.390625 0.2875 0.0229166666666666 0.075
0 0.5041666666666667 0.525 0.0270833333333333 0.0833333333333333
0 0.509375 0.53 0.0333333333333333 0.0733333333333333
2 0.5229166666666667 0.5225000000000001 0.0145833333333333 0.0816666666666666
2 0.5291666666666667 0.5175000000000001 0.0145833333333333 0.075
2 0.5296875 0.5175000000000001 0.015625 0.0616666666666666
2 0.5442708333333334 0.5166666666666667 0.0177083333333333 0.0766666666666666
2 0.5442708333333334 0.5183333333333333 0.0177083333333333 0.06
3 0.5635416666666666 0.4125 0.025 0.0683333333333333
2 0.6140625 0.5308333333333334 0.0552083333333333 0.085
2 0.6208333333333333 0.5241666666666667 0.0229166666666666 0.0716666666666666
0 0.6588541666666666 0.5241666666666667 0.0322916666666666 0.0883333333333333
0 0.6625 0.5275000000000001 0.025 0.0883333333333333
2 0.6890625 0.53 0.021875 0.0766666666666666
2 0.7052083333333333 0.5225000000000001 0.01875 0.085
2 0.725 0.5141666666666667 0.0208333333333333 0.065
2 0.7260416666666667 0.5208333333333334 0.0208333333333333 0.085
1 0.9583333333333334 0.5308333333333334 0.0729166666666666 0.0783333333333333