1 0.064453125 0.5537109375 0.12890625 0.14453125
1 0.2138671875 0.5302734375 0.087890625 0.1064453125
1 0.3623046875 0.51953125 0.0556640625 0.0732421875
3 0.3896484375 0.392578125 0.0185546875 0.0419921875
3 0.4404296875 0.3857421875 0.0205078125 0.044921875
3 0.4951171875 0.3857421875 0.0166015625 0.0419921875
1 0.552734375 0.5185546875 0.052734375 0.0703125
3 0.611328125 0.443359375 0.017578125 0.046875
3 0.63671875 0.4052734375 0.0185546875 0.0595703125
1 0.6669921875 0.5146484375 0.06640625 0.103515625
1 0.833984375 0.548828125 0.20703125 0.1552734375