3 0.4098958333333333 0.3891666666666667 0.009375 0.0316666666666666
3 0.4104166666666666 0.3908333333333333 0.0104166666666666 0.0316666666666666
1 0.4526041666666666 0.5483333333333333 0.059375 0.0866666666666666
3 0.4677083333333333 0.4033333333333334 0.0104166666666666 0.0266666666666666
3 0.4677083333333333 0.4008333333333334 0.0083333333333333 0.0283333333333333
3 0.5286458333333334 0.4641666666666666 0.0114583333333333 0.0416666666666666
3 0.5291666666666667 0.4666666666666667 0.0125 0.03
3 0.55 0.4458333333333333 0.0083333333333333 0.0416666666666666
3 0.5526041666666667 0.4483333333333333 0.009375 0.0333333333333333
2 0.5932291666666667 0.5416666666666667 0.0177083333333333 0.1
2 0.5953125 0.5333333333333333 0.015625 0.09
2 0.609375 0.5391666666666667 0.0145833333333333 0.115
2 0.6171875 0.5433333333333333 0.015625 0.1
2 0.6182291666666666 0.5416666666666667 0.0135416666666666 0.1066666666666666
2 0.6364583333333333 0.5325000000000001 0.01875 0.0983333333333333
2 0.6411458333333333 0.54 0.015625 0.1033333333333333