1 0.0994791666666666 0.5083333333333334 0.1979166666666666 0.1966666666666666
1 0.3557291666666666 0.4858333333333333 0.0510416666666666 0.095
1 0.4026041666666666 0.4741666666666667 0.046875 0.085
1 0.4213541666666666 0.4225 0.0614583333333333 0.0583333333333333
1 0.4364583333333333 0.4775 0.0333333333333333 0.065
1 0.465625 0.4533333333333333 0.0416666666666666 0.08
1 0.4927083333333333 0.4491666666666667 0.0354166666666666 0.0583333333333333
5 0.5473958333333333 0.4091666666666667 0.0322916666666666 0.115
5 0.6588541666666666 0.3891666666666667 0.0739583333333333 0.1416666666666666
1 0.7364583333333333 0.4258333333333333 0.05625 0.065
1 0.8286458333333333 0.4958333333333333 0.0822916666666666 0.105
1 0.8510416666666667 0.4366666666666667 0.0791666666666666 0.06
1 0.9375 0.5458333333333334 0.1229166666666666 0.155