1 0.9345703125 0.6015625 0.12890625 0.2529296875
1 0.1845703125 0.5478515625 0.07421875 0.1181640625
1 0.2275390625 0.5390625 0.041015625 0.0654296875
1 0.267578125 0.5263671875 0.048828125 0.0703125
1 0.3095703125 0.521484375 0.044921875 0.056640625
1 0.3740234375 0.5224609375 0.0400390625 0.044921875
3 0.3916015625 0.404296875 0.0185546875 0.0419921875
3 0.3916015625 0.400390625 0.0087890625 0.0234375
3 0.443359375 0.404296875 0.0205078125 0.044921875
1 0.4443359375 0.3994140625 0.0107421875 0.0283203125
3 0.4873046875 0.4013671875 0.017578125 0.04296875
3 0.4873046875 0.40234375 0.0107421875 0.03125
1 0.5849609375 0.5078125 0.0537109375 0.087890625
1 0.60546875 0.525390625 0.03125 0.0634765625
3 0.603515625 0.423828125 0.021484375 0.0615234375
3 0.6044921875 0.42578125 0.015625 0.0380859375
1 0.6376953125 0.525390625 0.0595703125 0.11328125
1 0.6845703125 0.5361328125 0.1005859375 0.091796875