2 0.990234375 0.498046875 0.015625 0.08203125
3 0.0615234375 0.0712890625 0.09375 0.1396484375
1 0.095703125 0.5224609375 0.0712890625 0.1015625
1 0.2412109375 0.5029296875 0.1513671875 0.0712890625
3 0.5712890625 0.0263671875 0.0283203125 0.0517578125
3 0.5654296875 0.3642578125 0.015625 0.0478515625
1 0.619140625 0.48828125 0.0458984375 0.0595703125
5 0.7451171875 0.4912109375 0.2197265625 0.091796875
3 0.6533203125 0.357421875 0.0166015625 0.0546875
3 0.728515625 0.4169921875 0.015625 0.0498046875
3 0.80078125 0.076171875 0.029296875 0.1015625
1 0.861328125 0.5009765625 0.0380859375 0.0419921875