1 0.9580078125 0.5673828125 0.08203125 0.2021484375
1 0.0322265625 0.5498046875 0.0625 0.1162109375
3 0.197265625 0.087890625 0.0361328125 0.0703125
3 0.3916015625 0.1533203125 0.0361328125 0.0703125
1 0.4111328125 0.5146484375 0.0341796875 0.044921875
1 0.5009765625 0.5166015625 0.02734375 0.056640625
3 0.5556640625 0.150390625 0.0322265625 0.1103515625
3 0.55859375 0.169921875 0.03125 0.08984375
1 0.607421875 0.521484375 0.0634765625 0.0771484375
1 0.673828125 0.521484375 0.056640625 0.0966796875
1 0.7236328125 0.5322265625 0.056640625 0.111328125
1 0.7978515625 0.5361328125 0.107421875 0.091796875
3 0.8916015625 0.3662109375 0.0302734375 0.0595703125