1 0.2317708333333333 0.4791666666666667 0.040625 0.0483333333333333
1 0.3005208333333333 0.4741666666666667 0.0322916666666666 0.0383333333333333
3 0.3208333333333333 0.4391666666666667 0.0166666666666666 0.025
1 0.3322916666666666 0.4733333333333334 0.0395833333333333 0.0566666666666666
3 0.3979166666666666 0.4158333333333333 0.0145833333333333 0.0316666666666666
3 0.4546874999999999 0.37 0.015625 0.0333333333333333
3 0.4578125 0.3691666666666667 0.015625 0.0383333333333333
1 0.5364583333333334 0.4783333333333334 0.0354166666666666 0.0433333333333333
3 0.5541666666666667 0.4283333333333333 0.0104166666666666 0.0366666666666666
3 0.5645833333333333 0.4275 0.0104166666666666 0.0283333333333333
5 0.6348958333333333 0.445 0.0947916666666666 0.06