2 0.1682291666666666 0.5483333333333333 0.0239583333333333 0.1466666666666666
2 0.171875 0.5475 0.0166666666666666 0.1316666666666666
2 0.184375 0.54 0.0229166666666666 0.1566666666666666
1 0.2276041666666666 0.5491666666666667 0.0802083333333333 0.1183333333333333
2 0.309375 0.5366666666666667 0.0291666666666666 0.13
2 0.309375 0.5375000000000001 0.025 0.125
2 0.3140625 0.5366666666666667 0.0260416666666666 0.1266666666666666
2 0.3666666666666666 0.5308333333333334 0.0270833333333333 0.1316666666666666
2 0.3869791666666666 0.5275000000000001 0.0260416666666666 0.135
2 0.4317708333333333 0.5216666666666667 0.0364583333333333 0.1466666666666666
2 0.5223958333333333 0.51 0.0177083333333333 0.0933333333333333
2 0.5223958333333333 0.5008333333333334 0.015625 0.0783333333333333
3 0.5817708333333333 0.3075 0.028125 0.0916666666666666
2 0.8947916666666667 0.4808333333333334 0.0354166666666666 0.1383333333333333
2 0.8953125 0.4783333333333334 0.0260416666666666 0.1433333333333333
2 0.934375 0.4816666666666667 0.0333333333333333 0.1433333333333333
2 0.965625 0.4808333333333334 0.0291666666666666 0.1583333333333333
2 0.9630208333333332 0.4766666666666667 0.021875 0.14
2 0.9921875 0.4658333333333334 0.0135416666666666 0.1383333333333333