1 0.16015625 0.5625 0.11328125 0.0986328125
1 0.2783203125 0.541015625 0.044921875 0.0712890625
3 0.310546875 0.4482421875 0.0146484375 0.033203125
3 0.3427734375 0.421875 0.0166015625 0.04296875
1 0.400390625 0.5419921875 0.0712890625 0.09375
3 0.3857421875 0.4052734375 0.0185546875 0.0400390625
3 0.39453125 0.408203125 0.0166015625 0.046875
1 0.7060546875 0.5185546875 0.0400390625 0.099609375
2 0.796875 0.50390625 0.025390625 0.0751953125
2 0.798828125 0.5107421875 0.02734375 0.111328125
1 0.919921875 0.521484375 0.1552734375 0.1201171875