3 0.0830078125 0.0791015625 0.166015625 0.158203125
1 0.0830078125 0.517578125 0.0537109375 0.044921875
1 0.09375 0.4990234375 0.0419921875 0.03125
1 0.271484375 0.5205078125 0.1005859375 0.0849609375
1 0.423828125 0.49609375 0.0283203125 0.03515625
1 0.4482421875 0.5009765625 0.025390625 0.0478515625
1 0.5302734375 0.4814453125 0.01953125 0.046875
1 0.5458984375 0.490234375 0.017578125 0.056640625
3 0.568359375 0.3603515625 0.0244140625 0.0615234375
1 0.6005859375 0.494140625 0.0380859375 0.0654296875
3 0.65234375 0.3564453125 0.015625 0.04296875
3 0.7255859375 0.4169921875 0.0166015625 0.0498046875
3 0.80078125 0.0771484375 0.0498046875 0.1162109375
3 0.7998046875 0.0751953125 0.02734375 0.09375
1 0.8759765625 0.486328125 0.072265625 0.04296875