0 0.6885416666666666 0.4945833333333334 0.009375 0.0375
3 0.0713541666666666 0.085 0.109375 0.1566666666666666
1 0.3890625 0.5033333333333334 0.0572916666666666 0.06
1 0.4473958333333333 0.4941666666666667 0.0364583333333333 0.0416666666666666
1 0.4838541666666666 0.5025000000000001 0.021875 0.0316666666666666
3 0.5703125 0.0291666666666666 0.0260416666666666 0.0566666666666666
3 0.5666666666666667 0.3608333333333333 0.0145833333333333 0.0516666666666666
3 0.6526041666666667 0.3558333333333333 0.015625 0.0416666666666666
3 0.7255208333333333 0.4133333333333334 0.015625 0.0466666666666666
3 0.8005208333333333 0.0741666666666666 0.0260416666666666 0.0916666666666666
1 0.8953125 0.5025000000000001 0.103125 0.1383333333333333