5 0.0489583333333333 0.4783333333333334 0.0979166666666666 0.1066666666666666
1 0.0473958333333333 0.5366666666666667 0.0947916666666666 0.0733333333333333
1 0.2171875 0.515 0.053125 0.0333333333333333
4 0.2619791666666666 0.4333333333333333 0.0177083333333333 0.0466666666666666
1 0.3833333333333333 0.5258333333333334 0.0458333333333333 0.065
4 0.4854166666666666 0.3433333333333334 0.0166666666666666 0.0433333333333333
4 0.4854166666666666 0.3416666666666667 0.0125 0.04
1 0.5901041666666667 0.5325000000000001 0.103125 0.1616666666666666
3 0.5510416666666667 0.34 0.0145833333333333 0.04
1 0.6421875 0.5141666666666667 0.0322916666666666 0.0616666666666666
3 0.6567708333333333 0.41 0.0114583333333333 0.0366666666666666
3 0.6927083333333334 0.3666666666666667 0.0229166666666666 0.0766666666666666
2 0.7203125 0.5016666666666667 0.0177083333333333 0.0766666666666666
2 0.721875 0.5025000000000001 0.0166666666666666 0.0783333333333333