5 0.0614583333333333 0.5091666666666667 0.1229166666666666 0.1183333333333333
1 0.0947916666666666 0.5800000000000001 0.1270833333333333 0.1766666666666666
3 0.3161458333333333 0.3308333333333333 0.0197916666666666 0.0616666666666666
3 0.4135416666666666 0.3266666666666666 0.0229166666666666 0.0533333333333333
3 0.4156249999999999 0.3358333333333334 0.0166666666666666 0.055
3 0.4921875 0.3291666666666666 0.0239583333333333 0.065
3 0.4927083333333333 0.3283333333333333 0.0166666666666666 0.0466666666666666
1 0.5213541666666667 0.5191666666666667 0.0510416666666666 0.065
1 0.63125 0.5433333333333333 0.0458333333333333 0.1166666666666666
3 0.6791666666666667 0.4233333333333333 0.01875 0.0533333333333333
1 0.9421875 0.52 0.0802083333333333 0.06
3 0.9322916666666666 0.2566666666666667 0.05625 0.16
2 0.9598958333333332 0.5233333333333333 0.0260416666666666 0.0666666666666666