1 0.91953125 0.6845833333333334 0.1598958333333333 0.3875
3 0.190625 0.4041666666666667 0.01875 0.0483333333333333
1 0.24375 0.495 0.075 0.0833333333333333
3 0.2307291666666666 0.4116666666666667 0.0177083333333333 0.0366666666666666
3 0.284375 0.4566666666666667 0.0145833333333333 0.04
1 0.4109375 0.4891666666666667 0.0552083333333333 0.075
3 0.4604166666666666 0.4441666666666667 0.01875 0.0383333333333333
3 0.4578125 0.4441666666666667 0.0114583333333333 0.0283333333333333
1 0.5479166666666666 0.495 0.0270833333333333 0.06
1 0.60625 0.5091666666666667 0.0708333333333333 0.095
1 0.7447916666666666 0.5391666666666667 0.19375 0.2716666666666666