1 0.0229166666666666 0.555 0.0458333333333333 0.0866666666666666
3 0.2609375 0.38 0.0197916666666666 0.0533333333333333
1 0.3395833333333333 0.5191666666666667 0.01875 0.0183333333333333
3 0.3557291666666666 0.4291666666666667 0.009375 0.035
3 0.3932291666666667 0.4033333333333334 0.0177083333333333 0.04
3 0.4072916666666666 0.4425 0.0083333333333333 0.0216666666666666
1 0.4223958333333333 0.5216666666666667 0.034375 0.05
3 0.4322916666666667 0.4566666666666667 0.0145833333333333 0.0333333333333333
3 0.490625 0.435 0.01875 0.0366666666666666
1 0.5817708333333333 0.515 0.021875 0.04
1 0.6239583333333333 0.5375000000000001 0.06875 0.0683333333333333
5 0.6479166666666667 0.5058333333333334 0.0708333333333333 0.0983333333333333
5 0.6520833333333333 0.5008333333333334 0.0770833333333333 0.0883333333333333
1 0.86875 0.5516666666666667 0.1479166666666666 0.1166666666666666