1 0.4932291666666666 0.49375 0.103125 0.0608333333333333
3 0.0640625 0.0675 0.0802083333333333 0.1283333333333333
1 0.2552083333333333 0.5233333333333333 0.1104166666666666 0.0833333333333333
3 0.5723958333333333 0.0291666666666666 0.028125 0.055
3 0.565625 0.3633333333333333 0.0145833333333333 0.0433333333333333
2 0.7223958333333333 0.5833333333333334 0.234375 0.7866666666666667
2 0.7182291666666667 0.5958333333333333 0.1802083333333333 0.7983333333333333
3 0.653125 0.3583333333333333 0.0166666666666666 0.05
3 0.6526041666666667 0.3575 0.009375 0.0383333333333333
3 0.8010416666666667 0.0758333333333333 0.0291666666666666 0.0916666666666666
1 0.9213541666666668 0.4866666666666667 0.103125 0.0566666666666666