1 0.19375 0.4991666666666667 0.2125 0.295
1 0.3046875 0.5066666666666667 0.0802083333333333 0.16
1 0.3723958333333333 0.4808333333333334 0.1010416666666666 0.1016666666666666
4 0.4010416666666667 0.3166666666666667 0.0166666666666666 0.05
4 0.4036458333333333 0.3108333333333333 0.021875 0.0383333333333333
3 0.4776041666666666 0.315 0.021875 0.03
3 0.4765625 0.3258333333333333 0.0135416666666666 0.0383333333333333
3 0.5916666666666667 0.3808333333333333 0.0166666666666666 0.035
3 0.5953125 0.3858333333333333 0.015625 0.045
1 0.8583333333333333 0.5191666666666667 0.2541666666666666 0.2383333333333333
3 0.834375 0.2441666666666666 0.0354166666666666 0.0883333333333333
3 0.8395833333333333 0.265 0.03125 0.09