3 0.0830078125 0.0791015625 0.166015625 0.158203125
3 0.0654296875 0.0673828125 0.076171875 0.125
1 0.087890625 0.5234375 0.037109375 0.0537109375
1 0.1708984375 0.5029296875 0.1025390625 0.0634765625
1 0.2705078125 0.521484375 0.1025390625 0.0830078125
1 0.40234375 0.494140625 0.0283203125 0.03515625
1 0.4306640625 0.5009765625 0.025390625 0.0478515625
1 0.47265625 0.4951171875 0.03125 0.0400390625
3 0.568359375 0.3603515625 0.0244140625 0.0615234375
3 0.5732421875 0.0302734375 0.0283203125 0.056640625
3 0.56640625 0.3642578125 0.013671875 0.0419921875
3 0.65234375 0.357421875 0.009765625 0.0380859375
3 0.80078125 0.0771484375 0.0498046875 0.1162109375
3 0.8017578125 0.0771484375 0.0283203125 0.08984375
1 0.8212890625 0.490234375 0.0517578125 0.04296875
1 0.86328125 0.4921875 0.0849609375 0.0546875
2 0.95703125 0.486328125 0.0224609375 0.099609375
1 0.9775390625 0.482421875 0.0380859375 0.0419921875