2 0.8145833333333333 0.4545833333333333 0.0177083333333333 0.0825
2 0.0223958333333333 0.5458333333333334 0.0177083333333333 0.1016666666666666
2 0.0375 0.5700000000000001 0.0166666666666666 0.0533333333333333
2 0.0567708333333333 0.5491666666666667 0.0260416666666666 0.1283333333333333
2 0.0536458333333333 0.5441666666666667 0.0197916666666666 0.1116666666666666
2 0.0760416666666666 0.5433333333333333 0.01875 0.0933333333333333
1 0.1265625 0.5558333333333334 0.078125 0.0816666666666666
1 0.2822916666666666 0.5291666666666667 0.03125 0.065
1 0.4364583333333333 0.5216666666666667 0.0479166666666666 0.0533333333333333
2 0.5208333333333334 0.5058333333333334 0.01875 0.085
2 0.5473958333333333 0.5075000000000001 0.015625 0.115
3 0.5817708333333333 0.3133333333333333 0.0260416666666666 0.0966666666666666
2 0.7979166666666666 0.4733333333333334 0.01875 0.1
2 0.9854166666666666 0.4808333333333334 0.025 0.1616666666666666