5 0.044921875 0.537109375 0.0869140625 0.0849609375
5 0.107421875 0.53125 0.06640625 0.0849609375
1 0.1982421875 0.54296875 0.0556640625 0.056640625
1 0.3583984375 0.5625 0.17578125 0.2412109375
3 0.31640625 0.341796875 0.0205078125 0.0498046875
3 0.4140625 0.3271484375 0.0263671875 0.05859375
3 0.416015625 0.3388671875 0.0166015625 0.0546875
1 0.4482421875 0.5400390625 0.0380859375 0.1201171875
3 0.4931640625 0.33203125 0.02734375 0.0732421875
3 0.4931640625 0.33203125 0.0166015625 0.046875
1 0.533203125 0.513671875 0.076171875 0.0966796875
1 0.626953125 0.544921875 0.0458984375 0.1162109375
3 0.6796875 0.4345703125 0.01953125 0.056640625
1 0.9384765625 0.51953125 0.0888671875 0.0751953125
3 0.939453125 0.259765625 0.046875 0.1396484375