4 0.0677083333333333 0.4408333333333333 0.0145833333333333 0.0383333333333333
1 0.1723958333333333 0.4983333333333333 0.0572916666666666 0.0566666666666666
1 0.2885416666666666 0.4975 0.0520833333333333 0.0583333333333333
1 0.3203125 0.4875 0.0322916666666666 0.045
4 0.3364583333333333 0.3458333333333334 0.01875 0.045
4 0.3395833333333333 0.3391666666666666 0.0145833333333333 0.0483333333333333
3 0.4078124999999999 0.3508333333333333 0.0177083333333333 0.0416666666666666
3 0.409375 0.345 0.0125 0.0433333333333333
1 0.4312499999999999 0.4975 0.0395833333333333 0.0516666666666666
1 0.4963541666666666 0.495 0.0302083333333333 0.0466666666666666
3 0.5958333333333333 0.4283333333333333 0.0145833333333333 0.0333333333333333
3 0.5994791666666667 0.4283333333333333 0.0135416666666666 0.04
2 0.678125 0.5075000000000001 0.0270833333333333 0.0716666666666666
3 0.7161458333333334 0.3591666666666667 0.021875 0.0816666666666666
3 0.7203125 0.3583333333333333 0.028125 0.0733333333333333