1 0.0838541666666666 0.3991666666666666 0.1677083333333333 0.155
1 0.2088541666666666 0.495 0.0302083333333333 0.06
5 0.28125 0.4433333333333333 0.1270833333333333 0.17
3 0.3510416666666666 0.4 0.01875 0.0333333333333333
3 0.3520833333333333 0.4016666666666666 0.0145833333333333 0.0266666666666666
3 0.378125 0.3916666666666667 0.0145833333333333 0.0266666666666666
3 0.38125 0.4025 0.0125 0.0283333333333333
1 0.3984375 0.4766666666666667 0.028125 0.04
3 0.421875 0.3916666666666667 0.0145833333333333 0.03
3 0.421875 0.3958333333333333 0.0145833333333333 0.0283333333333333
3 0.4510416666666667 0.3883333333333333 0.0145833333333333 0.0366666666666666
3 0.4546874999999999 0.3983333333333334 0.0135416666666666 0.03
1 0.4739583333333333 0.4766666666666667 0.0479166666666666 0.0533333333333333
3 0.5145833333333333 0.4216666666666667 0.0125 0.0266666666666666
1 0.6979166666666666 0.45 0.0645833333333333 0.0433333333333333