2 0.7838541666666666 0.4520833333333333 0.01875 0.0925
2 0.8885416666666667 0.5154166666666667 0.0322916666666666 0.1175
2 0.8307291666666666 0.4983333333333333 0.0260416666666666 0.155
2 0.7731770833333333 0.5058333333333334 0.0338541666666666 0.14
2 0.746875 0.5016666666666667 0.0260416666666666 0.145
2 0.7216145833333333 0.5041666666666667 0.0244791666666666 0.145
1 0.1338541666666666 0.5258333333333334 0.159375 0.0916666666666666
1 0.2395833333333333 0.5083333333333334 0.0395833333333333 0.0766666666666666
1 0.3 0.4958333333333333 0.0208333333333333 0.055
1 0.3515625 0.4883333333333333 0.0260416666666666 0.05
1 0.3994791666666666 0.5175000000000001 0.0947916666666666 0.1283333333333333
2 0.4729166666666666 0.4933333333333333 0.0104166666666666 0.0566666666666666
1 0.4838541666666666 0.5016666666666667 0.0135416666666666 0.0566666666666666
1 0.5234375 0.5083333333333334 0.0489583333333333 0.1
2 0.69375 0.5116666666666667 0.0229166666666666 0.09
2 0.9385416666666666 0.4983333333333333 0.0375 0.15