1 0.8466145833333333 0.55625 0.2151041666666666 0.1791666666666666
1 0.1697916666666666 0.4975 0.0375 0.0416666666666666
1 0.2010416666666666 0.5 0.04375 0.0466666666666666
3 0.4098958333333333 0.3841666666666667 0.015625 0.0416666666666666
3 0.4130208333333333 0.3983333333333334 0.015625 0.03
3 0.4484375 0.3975 0.0135416666666666 0.0316666666666666
3 0.4489583333333333 0.4016666666666666 0.0145833333333333 0.0266666666666666
3 0.5244791666666666 0.4533333333333333 0.0114583333333333 0.02
3 0.5338541666666666 0.4316666666666667 0.0197916666666666 0.0366666666666666
3 0.53125 0.4383333333333333 0.0125 0.0233333333333333
1 0.59375 0.51 0.0791666666666666 0.0966666666666666