4 0.2021484375 0.392578125 0.0224609375 0.0654296875
4 0.2001953125 0.3896484375 0.015625 0.04296875
0 0.302734375 0.46875 0.01953125 0.0634765625
1 0.384765625 0.478515625 0.037109375 0.046875
1 0.4287109375 0.4755859375 0.048828125 0.0615234375
3 0.4755859375 0.302734375 0.013671875 0.03125
3 0.478515625 0.310546875 0.015625 0.0419921875
3 0.54296875 0.3095703125 0.0146484375 0.0478515625
3 0.544921875 0.3076171875 0.015625 0.0419921875
3 0.607421875 0.31640625 0.015625 0.04296875
3 0.6103515625 0.3193359375 0.015625 0.044921875
3 0.734375 0.39453125 0.0166015625 0.0419921875
3 0.734375 0.3955078125 0.0146484375 0.044921875
1 0.8828125 0.4716796875 0.0576171875 0.06640625
3 0.912109375 0.326171875 0.0263671875 0.08203125
3 0.9150390625 0.3212890625 0.021484375 0.0654296875
1 0.986328125 0.490234375 0.0263671875 0.0634765625