2 0.0572916666666666 0.55 0.0270833333333333 0.0833333333333333
2 0.0557291666666666 0.5458333333333334 0.0177083333333333 0.0816666666666666
1 0.1229166666666666 0.5533333333333333 0.0791666666666666 0.1033333333333333
1 0.2817708333333333 0.5291666666666667 0.021875 0.0483333333333333
1 0.434375 0.5208333333333334 0.0541666666666666 0.065
2 0.5052083333333334 0.5158333333333334 0.0229166666666666 0.1016666666666666
2 0.5046875 0.5241666666666667 0.0197916666666666 0.115
2 0.525 0.5125000000000001 0.0166666666666666 0.1183333333333333
3 0.58125 0.3091666666666667 0.0291666666666666 0.095
2 0.5869791666666666 0.5066666666666667 0.021875 0.1
2 0.5916666666666667 0.5083333333333334 0.0166666666666666 0.1033333333333333
2 0.6072916666666667 0.4975 0.0208333333333333 0.095
2 0.6088541666666667 0.4975 0.0177083333333333 0.105
2 0.6302083333333334 0.4941666666666667 0.0208333333333333 0.1116666666666666
2 0.834375 0.4975 0.0270833333333333 0.145
2 0.8348958333333333 0.49 0.0197916666666666 0.1466666666666666
2 0.8421875 0.4825 0.0239583333333333 0.1516666666666666
2 0.8458333333333333 0.4758333333333334 0.0229166666666666 0.135
2 0.8552083333333333 0.4975 0.0291666666666666 0.1483333333333333
2 0.8791666666666667 0.49 0.03125 0.1633333333333333
2 0.9166666666666666 0.4775 0.0208333333333333 0.1516666666666666
2 0.9213541666666668 0.4825 0.0197916666666666 0.1416666666666666
2 0.9479166666666666 0.485 0.03125 0.1833333333333333
2 0.959375 0.4808333333333334 0.025 0.145