4 0.16875 0.3791666666666667 0.0229166666666666 0.065
4 0.1734375 0.3783333333333333 0.015625 0.0433333333333333
0 0.2796875 0.47 0.0197916666666666 0.0633333333333333
1 0.325 0.47 0.05 0.0566666666666666
1 0.3713541666666666 0.4683333333333334 0.034375 0.0566666666666666
3 0.4645833333333333 0.29 0.0125 0.05
3 0.4682291666666666 0.2941666666666667 0.015625 0.0416666666666666
1 0.6020833333333333 0.4925 0.1479166666666666 0.0783333333333333
3 0.5364583333333334 0.2966666666666667 0.0145833333333333 0.05
3 0.5390625 0.29 0.0135416666666666 0.06
3 0.609375 0.3008333333333333 0.0166666666666666 0.0383333333333333
3 0.6088541666666667 0.3058333333333333 0.015625 0.045
3 0.7442708333333333 0.3883333333333333 0.015625 0.05
3 0.7458333333333333 0.3883333333333333 0.0145833333333333 0.04
1 0.9046875 0.4666666666666667 0.0572916666666666 0.0666666666666666
1 0.9848958333333332 0.4908333333333333 0.0260416666666666 0.0616666666666666