2 0.478515625 0.505859375 0.0205078125 0.060546875
1 0.09765625 0.5263671875 0.09375 0.0400390625
1 0.2685546875 0.513671875 0.0732421875 0.04296875
1 0.359375 0.51171875 0.0400390625 0.0498046875
4 0.392578125 0.3662109375 0.0107421875 0.033203125
3 0.4541015625 0.3828125 0.013671875 0.03515625
3 0.4541015625 0.3779296875 0.009765625 0.0283203125
1 0.5224609375 0.513671875 0.052734375 0.06640625
5 0.607421875 0.47265625 0.1533203125 0.0751953125
3 0.537109375 0.427734375 0.0107421875 0.0146484375
3 0.5380859375 0.431640625 0.0107421875 0.01953125
3 0.6005859375 0.3916015625 0.0126953125 0.0302734375
3 0.603515625 0.3955078125 0.0126953125 0.0380859375
2 0.6650390625 0.4853515625 0.015625 0.0615234375
2 0.6669921875 0.4921875 0.0166015625 0.0712890625