1 0.8125 0.57875 0.2416666666666666 0.2308333333333333
4 0.2427083333333333 0.4483333333333333 0.0145833333333333 0.05
3 0.2416666666666666 0.445 0.0125 0.03
1 0.2875 0.4966666666666667 0.03125 0.0433333333333333
1 0.3786458333333333 0.4925 0.034375 0.055
4 0.4072916666666666 0.3725 0.01875 0.0516666666666666
3 0.4083333333333333 0.3683333333333333 0.0145833333333333 0.0233333333333333
3 0.4630208333333333 0.3783333333333333 0.0197916666666666 0.04
3 0.4635416666666667 0.38 0.0145833333333333 0.0266666666666666
3 0.5604166666666667 0.4333333333333333 0.0229166666666666 0.0433333333333333
3 0.5583333333333333 0.4383333333333333 0.0145833333333333 0.0233333333333333
1 0.571875 0.5108333333333334 0.0229166666666666 0.0783333333333333
1 0.6010416666666667 0.5133333333333334 0.0479166666666666 0.1033333333333333
3 0.6052083333333333 0.4083333333333334 0.0145833333333333 0.0466666666666666
3 0.6052083333333333 0.425 0.0125 0.0266666666666666
1 0.684375 0.5166666666666667 0.1333333333333333 0.16