1 0.0635416666666666 0.5366666666666667 0.0479166666666666 0.0566666666666666
1 0.0958333333333333 0.525 0.0375 0.06
1 0.1416666666666666 0.53 0.06875 0.0666666666666666
5 0.2302083333333333 0.5091666666666667 0.0729166666666666 0.0983333333333333
1 0.2333333333333333 0.5133333333333334 0.0708333333333333 0.1
4 0.3026041666666667 0.4166666666666667 0.0197916666666666 0.0533333333333333
4 0.3026041666666667 0.4266666666666667 0.0197916666666666 0.0566666666666666
1 0.3723958333333333 0.5025000000000001 0.053125 0.085
1 0.409375 0.4925 0.0333333333333333 0.0483333333333333
1 0.4692708333333333 0.5191666666666667 0.071875 0.105
1 0.5369791666666667 0.49 0.0552083333333333 0.05
3 0.5739583333333333 0.2725 0.01875 0.0683333333333333
3 0.5734375 0.2725 0.0177083333333333 0.0616666666666666
1 0.5911458333333334 0.5 0.0489583333333333 0.0533333333333333
3 0.7348958333333333 0.3983333333333334 0.015625 0.0433333333333333
2 0.7421875 0.5083333333333334 0.0177083333333333 0.0666666666666666
1 0.9255208333333332 0.5233333333333333 0.1447916666666666 0.0833333333333333