1 0.1770833333333333 0.5383333333333333 0.05 0.06
4 0.2796875 0.28 0.0239583333333333 0.0666666666666666
3 0.3911458333333333 0.2858333333333333 0.0239583333333333 0.075
2 0.4984375 0.5283333333333333 0.0239583333333333 0.07
2 0.5390625 0.5158333333333334 0.0260416666666666 0.0783333333333333
3 0.5635416666666666 0.4125 0.0270833333333333 0.0716666666666666
2 0.5807291666666666 0.515 0.0260416666666666 0.0833333333333333
0 0.6296875 0.5266666666666667 0.0322916666666666 0.09
0 0.6557291666666667 0.5258333333333334 0.0322916666666666 0.0883333333333333
2 0.6869791666666667 0.5283333333333333 0.021875 0.08
2 0.703125 0.5233333333333333 0.0208333333333333 0.0866666666666666
2 0.7244791666666667 0.5216666666666667 0.0197916666666666 0.0866666666666666
2 0.8296875 0.5158333333333334 0.028125 0.0883333333333333
2 0.85 0.5183333333333333 0.0166666666666666 0.08
2 0.8635416666666667 0.5175000000000001 0.0270833333333333 0.0783333333333333
2 0.865625 0.5216666666666667 0.0270833333333333 0.0833333333333333
2 0.928125 0.5233333333333333 0.0375 0.1633333333333333
1 0.9833333333333332 0.5316666666666667 0.0291666666666666 0.0733333333333333