5 0.083984375 0.482421875 0.111328125 0.0751953125
1 0.2841796875 0.5888671875 0.3271484375 0.41796875
3 0.3173828125 0.3271484375 0.017578125 0.0546875
3 0.4140625 0.326171875 0.01953125 0.0478515625
1 0.4755859375 0.51953125 0.029296875 0.044921875
3 0.4912109375 0.3271484375 0.0185546875 0.056640625
2 0.6103515625 0.5185546875 0.0146484375 0.0400390625
1 0.669921875 0.5615234375 0.103515625 0.1630859375
3 0.6787109375 0.41796875 0.0166015625 0.0478515625
1 0.876953125 0.419921875 0.232421875 0.0400390625
3 0.9287109375 0.2568359375 0.0517578125 0.15625