1 0.0661458333333333 0.5525 0.1322916666666666 0.1216666666666666
3 0.0791666666666666 0.385 0.025 0.0766666666666666
1 0.4114583333333333 0.5908333333333333 0.1854166666666666 0.2283333333333333
3 0.509375 0.3475 0.0229166666666666 0.0783333333333333
2 0.5578125 0.5058333333333334 0.0260416666666666 0.0916666666666666
2 0.5895833333333333 0.5016666666666667 0.0229166666666666 0.08
2 0.5890625 0.4958333333333333 0.0197916666666666 0.055
2 0.6197916666666666 0.5058333333333334 0.0270833333333333 0.0983333333333333
2 0.6213541666666667 0.5108333333333334 0.0239583333333333 0.0916666666666666
2 0.653125 0.5016666666666667 0.0166666666666666 0.0866666666666666
2 0.6692708333333334 0.515 0.0322916666666666 0.1233333333333333
2 0.6734375 0.5141666666666667 0.0385416666666666 0.1116666666666666
2 0.7875 0.5275000000000001 0.04375 0.3316666666666666
2 0.8234374999999999 0.5808333333333334 0.0927083333333333 0.5083333333333334
2 0.8885416666666667 0.5516666666666667 0.0354166666666666 0.3233333333333333
2 0.9135416666666668 0.5383333333333333 0.0541666666666666 0.36
2 0.9583333333333334 0.54 0.0625 0.3566666666666667