1 0.2697916666666666 0.5133333333333334 0.0979166666666666 0.0966666666666666
1 0.3645833333333333 0.5125000000000001 0.05625 0.0516666666666666
1 0.4125 0.5133333333333334 0.0291666666666666 0.0533333333333333
3 0.4312499999999999 0.4408333333333333 0.0208333333333333 0.075
3 0.4354166666666667 0.435 0.0270833333333333 0.0833333333333333
1 0.5744791666666667 0.4983333333333333 0.0260416666666666 0.0466666666666666
1 0.6145833333333334 0.4916666666666667 0.0354166666666666 0.0366666666666666
4 0.6197916666666666 0.2258333333333333 0.0166666666666666 0.0516666666666666
3 0.61875 0.2266666666666666 0.0145833333333333 0.0466666666666666
3 0.6411458333333333 0.3908333333333333 0.015625 0.0383333333333333
3 0.6442708333333333 0.4016666666666666 0.015625 0.0466666666666666
1 0.7151041666666667 0.5266666666666667 0.0989583333333333 0.14
3 0.7067708333333333 0.3916666666666667 0.015625 0.04
3 0.709375 0.39 0.0145833333333333 0.04
3 0.7427083333333333 0.265 0.01875 0.0566666666666666
3 0.7427083333333333 0.2608333333333333 0.0166666666666666 0.0416666666666666
3 0.8963541666666667 0.3708333333333333 0.015625 0.0416666666666666
3 0.903125 0.3758333333333333 0.01875 0.0516666666666666
2 0.9921875 0.5108333333333334 0.0135416666666666 0.0783333333333333