5 0.515625 0.5048828125 0.017578125 0.0322265625
5 0.076171875 0.501953125 0.1083984375 0.0869140625
1 0.09375 0.576171875 0.1396484375 0.1787109375
4 0.318359375 0.33203125 0.017578125 0.0498046875
3 0.4150390625 0.3251953125 0.0146484375 0.0400390625
3 0.4931640625 0.3271484375 0.0146484375 0.046875
2 0.5419921875 0.5302734375 0.0146484375 0.0703125
1 0.658203125 0.5419921875 0.056640625 0.0634765625
3 0.681640625 0.41796875 0.0224609375 0.0615234375
3 0.6806640625 0.4150390625 0.0146484375 0.04296875
1 0.8857421875 0.517578125 0.126953125 0.091796875
3 0.931640625 0.2470703125 0.0400390625 0.123046875
2 0.9638671875 0.5400390625 0.03515625 0.1162109375