1 0.9411458333333332 0.6895833333333333 0.1166666666666666 0.4425
3 0.1697916666666666 0.41 0.01875 0.05
1 0.2171875 0.4983333333333333 0.0364583333333333 0.0366666666666666
3 0.2156249999999999 0.42 0.01875 0.0366666666666666
3 0.2770833333333333 0.4616666666666666 0.0145833333333333 0.04
1 0.3640625 0.4966666666666667 0.0385416666666666 0.0733333333333333
1 0.3932291666666667 0.4975 0.0552083333333333 0.075
3 0.4572916666666666 0.4441666666666667 0.01875 0.0383333333333333
3 0.4578125 0.4491666666666667 0.0114583333333333 0.0283333333333333
1 0.5614583333333333 0.5075000000000001 0.0375 0.0683333333333333
1 0.59375 0.52 0.0375 0.0866666666666666
1 0.6453125 0.5325000000000001 0.0927083333333333 0.0983333333333333
1 0.7677083333333333 0.4891666666666667 0.1270833333333333 0.085