2 0.8653645833333333 0.5220833333333333 0.0432291666666666 0.1575
1 0.1729166666666666 0.5283333333333333 0.0729166666666666 0.06
1 0.2760416666666667 0.5208333333333334 0.03125 0.0383333333333333
1 0.38125 0.5141666666666667 0.0291666666666666 0.0416666666666666
5 0.3880208333333333 0.4925 0.0385416666666666 0.0583333333333333
5 0.4822916666666667 0.4883333333333333 0.0354166666666666 0.08
1 0.5078125 0.5183333333333333 0.0552083333333333 0.0666666666666666
2 0.7807291666666667 0.5208333333333334 0.0385416666666666 0.1616666666666666
2 0.7807291666666667 0.52 0.034375 0.1566666666666666
2 0.790625 0.5125000000000001 0.0208333333333333 0.1616666666666666
2 0.8125 0.51 0.0270833333333333 0.1433333333333333