1 0.2395833333333333 0.5083333333333334 0.0395833333333333 0.0766666666666666
1 0.3 0.4958333333333333 0.0208333333333333 0.055
2 0.4739583333333333 0.4933333333333333 0.0104166666666666 0.0566666666666666
1 0.5130208333333334 0.4975 0.0364583333333333 0.085
1 0.1276041666666666 0.5375000000000001 0.1677083333333333 0.0983333333333333
1 0.409375 0.5075000000000001 0.0729166666666666 0.1016666666666666
2 0.703125 0.4991666666666667 0.025 0.0716666666666666
2 0.7359375 0.4983333333333333 0.0302083333333333 0.15
2 0.7677083333333333 0.4933333333333333 0.0208333333333333 0.14
2 0.8208333333333333 0.4708333333333334 0.03125 0.0883333333333333
2 0.8510416666666667 0.47 0.0291666666666666 0.0733333333333333
2 0.8901041666666667 0.4541666666666667 0.0239583333333333 0.0783333333333333
2 0.9244791666666666 0.515 0.028125 0.12
2 0.971875 0.5025000000000001 0.0395833333333333 0.155