1 0.1611328125 0.587890625 0.298828125 0.341796875
4 0.3330078125 0.33203125 0.0166015625 0.0537109375
1 0.4140625 0.5029296875 0.0673828125 0.0615234375
3 0.42578125 0.33203125 0.013671875 0.046875
1 0.4755859375 0.490234375 0.015625 0.0498046875
3 0.4853515625 0.345703125 0.015625 0.0380859375
5 0.544921875 0.470703125 0.0283203125 0.0478515625
1 0.6259765625 0.5146484375 0.064453125 0.099609375
3 0.6044921875 0.4169921875 0.0166015625 0.0537109375
3 0.6044921875 0.4150390625 0.0146484375 0.037109375
3 0.6630859375 0.3818359375 0.0166015625 0.0537109375
3 0.6708984375 0.3837890625 0.021484375 0.0517578125
1 0.892578125 0.4853515625 0.08203125 0.046875