2 0.1270833333333333 0.4158333333333333 0.0145833333333333 0.0316666666666666
3 0.1489583333333333 0.3983333333333334 0.0166666666666666 0.0533333333333333
1 0.3854166666666667 0.5333333333333333 0.0291666666666666 0.0366666666666666
1 0.4484375 0.5316666666666667 0.0322916666666666 0.0466666666666666
3 0.5265625 0.3708333333333333 0.0197916666666666 0.0683333333333333
2 0.6322916666666667 0.5275000000000001 0.0166666666666666 0.075
2 0.65 0.5258333333333334 0.0208333333333333 0.075
2 0.6723958333333333 0.5341666666666667 0.0260416666666666 0.095
2 0.8395833333333333 0.5283333333333333 0.04375 0.24
2 0.8947916666666667 0.525 0.0479166666666666 0.24
2 0.9796875 0.5508333333333334 0.0364583333333333 0.225