1 0.5541666666666667 0.53 0.1322916666666666 0.0966666666666666
1 0.0416666666666666 0.5508333333333334 0.0666666666666666 0.2216666666666666
5 0.1010416666666666 0.475 0.0958333333333333 0.0733333333333333
1 0.2848958333333333 0.5891666666666667 0.3260416666666667 0.415
3 0.3166666666666666 0.3283333333333333 0.01875 0.0566666666666666
3 0.4140625 0.3258333333333333 0.0197916666666666 0.0483333333333333
3 0.4921875 0.3275 0.0197916666666666 0.0583333333333333
1 0.8005208333333333 0.6333333333333334 0.3760416666666666 0.3666666666666667
3 0.6791666666666667 0.4175 0.0166666666666666 0.0483333333333333
1 0.7989583333333333 0.465 0.2312499999999999 0.1033333333333333
5 0.9286458333333332 0.4766666666666667 0.1302083333333333 0.13
3 0.9296875 0.2558333333333333 0.053125 0.1583333333333333
2 0.9479166666666666 0.5125000000000001 0.0270833333333333 0.055