1 0.2057291666666666 0.4991666666666667 0.0677083333333333 0.0783333333333333
1 0.2520833333333333 0.505 0.0541666666666666 0.05
4 0.2411458333333333 0.2566666666666667 0.021875 0.0766666666666666
3 0.3484375 0.2716666666666666 0.028125 0.0433333333333333
1 0.3489583333333333 0.4891666666666667 0.0291666666666666 0.0416666666666666
3 0.3505208333333333 0.2491666666666666 0.0239583333333333 0.0683333333333333
3 0.434375 0.2916666666666667 0.03125 0.04
3 0.4359375 0.2741666666666666 0.0177083333333333 0.0683333333333333
2 0.5614583333333333 0.4841666666666667 0.0166666666666666 0.0416666666666666
3 0.6151041666666667 0.4 0.0302083333333333 0.0433333333333333
3 0.615625 0.3841666666666667 0.0229166666666666 0.055
1 0.6385416666666667 0.4833333333333333 0.0541666666666666 0.05
3 0.6677083333333333 0.3075 0.0354166666666666 0.0783333333333333
3 0.6677083333333333 0.33 0.0354166666666666 0.05
1 0.8421875 0.4741666666666667 0.184375 0.125