5 0.0817708333333333 0.5075000000000001 0.1635416666666666 0.0916666666666666
1 0.1572916666666666 0.55 0.0770833333333333 0.0433333333333333
1 0.2421875 0.5391666666666667 0.053125 0.035
1 0.2994791666666667 0.5266666666666667 0.0322916666666666 0.04
1 0.340625 0.5425 0.0520833333333333 0.0716666666666666
1 0.4489583333333333 0.5800000000000001 0.13125 0.17
3 0.4203125 0.3958333333333333 0.0114583333333333 0.035
4 0.4234374999999999 0.3975 0.0177083333333333 0.0383333333333333
3 0.475 0.3983333333333334 0.0125 0.04
1 0.5296875 0.535 0.0135416666666666 0.0466666666666666
3 0.5567708333333333 0.4591666666666667 0.0114583333333333 0.025
2 0.8541666666666666 0.5375000000000001 0.025 0.185