3 0.0673828125 0.4013671875 0.0185546875 0.037109375
3 0.115234375 0.408203125 0.0185546875 0.033203125
1 0.1806640625 0.5 0.0400390625 0.0537109375
3 0.17578125 0.4599609375 0.0146484375 0.0302734375
1 0.2197265625 0.5078125 0.0478515625 0.0517578125
1 0.2685546875 0.5048828125 0.04296875 0.0537109375
1 0.3232421875 0.501953125 0.029296875 0.056640625
1 0.408203125 0.513671875 0.041015625 0.0703125
1 0.4501953125 0.51171875 0.0517578125 0.0703125
1 0.48828125 0.5205078125 0.0478515625 0.078125
1 0.548828125 0.5322265625 0.068359375 0.0849609375
1 0.7275390625 0.5380859375 0.18359375 0.16015625