1 0.0625 0.5087890625 0.0302734375 0.03515625
3 0.1318359375 0.3916015625 0.0185546875 0.0498046875
4 0.1318359375 0.3994140625 0.015625 0.0380859375
3 0.18359375 0.40234375 0.0166015625 0.03515625
3 0.1845703125 0.408203125 0.0146484375 0.037109375
1 0.2705078125 0.4921875 0.052734375 0.0712890625
3 0.2607421875 0.4521484375 0.013671875 0.03125
1 0.3369140625 0.4951171875 0.05078125 0.0703125
1 0.486328125 0.482421875 0.046875 0.0380859375
3 0.4755859375 0.4287109375 0.0185546875 0.0380859375
3 0.4765625 0.4208984375 0.01171875 0.0283203125
1 0.736328125 0.5537109375 0.19140625 0.2314453125