1 0.9169921875 0.48828125 0.0966796875 0.0439453125
3 0.0634765625 0.068359375 0.083984375 0.1337890625
1 0.2119140625 0.5126953125 0.080078125 0.078125
1 0.2685546875 0.515625 0.1181640625 0.1015625
1 0.4287109375 0.4931640625 0.0791015625 0.0703125
3 0.572265625 0.02734375 0.029296875 0.0517578125
3 0.5654296875 0.36328125 0.0146484375 0.046875
3 0.6533203125 0.3583984375 0.0166015625 0.0498046875
3 0.65234375 0.357421875 0.009765625 0.0380859375
3 0.728515625 0.4189453125 0.013671875 0.0478515625
1 0.7880859375 0.498046875 0.1064453125 0.056640625
3 0.80078125 0.0751953125 0.029296875 0.09375
1 0.8623046875 0.4892578125 0.072265625 0.0546875