3 0.150390625 0.4130859375 0.0185546875 0.0498046875
1 0.1728515625 0.509765625 0.0361328125 0.037109375
3 0.197265625 0.421875 0.0185546875 0.037109375
3 0.265625 0.46484375 0.0146484375 0.0400390625
1 0.330078125 0.5087890625 0.0400390625 0.0732421875
1 0.37109375 0.5 0.0498046875 0.0732421875
3 0.455078125 0.4443359375 0.0185546875 0.0380859375
3 0.45703125 0.4404296875 0.01171875 0.0283203125
1 0.580078125 0.517578125 0.0478515625 0.0849609375
1 0.638671875 0.53125 0.0751953125 0.1162109375
1 0.7236328125 0.5517578125 0.162109375 0.150390625
1 0.8349609375 0.4794921875 0.126953125 0.0849609375