5 0.2557291666666667 0.5341666666666667 0.0572916666666666 0.075
4 0.2734375 0.5166666666666667 0.0135416666666666 0.0566666666666666
1 0.3260416666666667 0.5650000000000001 0.0854166666666666 0.0866666666666666
1 0.346875 0.5375000000000001 0.05 0.0683333333333333
3 0.3885416666666667 0.4791666666666667 0.0125 0.0383333333333333
3 0.4911458333333333 0.4058333333333334 0.009375 0.0316666666666666
1 0.5052083333333334 0.5358333333333334 0.025 0.0516666666666666
1 0.5645833333333333 0.555 0.0729166666666666 0.08
1 0.6755208333333333 0.5741666666666667 0.153125 0.1483333333333333
3 0.6385416666666667 0.4375 0.01875 0.0483333333333333
3 0.6364583333333333 0.4341666666666667 0.0125 0.035