1 0.0515625 0.4733333333333334 0.0364583333333333 0.0566666666666666
1 0.0895833333333333 0.47 0.0375 0.0366666666666666
1 0.1296875 0.4766666666666667 0.0510416666666666 0.04
1 0.1958333333333333 0.4716666666666667 0.0541666666666666 0.0633333333333333
1 0.2473958333333333 0.47 0.040625 0.0466666666666666
3 0.4171875 0.3208333333333333 0.0197916666666666 0.0483333333333333
4 0.4171875 0.3208333333333333 0.0197916666666666 0.045
1 0.5026041666666666 0.495 0.0822916666666666 0.0966666666666666
3 0.503125 0.3166666666666667 0.025 0.0333333333333333
3 0.50625 0.3208333333333333 0.0125 0.0516666666666666
3 0.6010416666666667 0.3333333333333333 0.0229166666666666 0.04
3 0.6036458333333333 0.3258333333333333 0.0197916666666666 0.0383333333333333
3 0.6817708333333333 0.3958333333333333 0.021875 0.045
3 0.6822916666666666 0.3966666666666666 0.0166666666666666 0.05
3 0.8072916666666666 0.335 0.03125 0.09
3 0.8130208333333333 0.3241666666666667 0.0197916666666666 0.065