2 0.9869791666666666 0.5304166666666666 0.025 0.1658333333333333
1 0.1796875 0.5383333333333333 0.0489583333333333 0.0633333333333333
4 0.2807291666666666 0.28 0.0239583333333333 0.0666666666666666
3 0.3911458333333333 0.2883333333333333 0.0239583333333333 0.0766666666666666
2 0.5005208333333333 0.5275000000000001 0.028125 0.085
2 0.525 0.52 0.01875 0.0766666666666666
2 0.5411458333333333 0.5183333333333333 0.0177083333333333 0.0733333333333333
3 0.5640625 0.4133333333333334 0.0260416666666666 0.07
2 0.6322916666666667 0.5291666666666667 0.0291666666666666 0.095
0 0.6567708333333333 0.5258333333333334 0.0322916666666666 0.0883333333333333
2 0.6869791666666667 0.53 0.021875 0.0766666666666666
2 0.7036458333333333 0.5233333333333333 0.0197916666666666 0.0866666666666666
2 0.7244791666666667 0.5216666666666667 0.0197916666666666 0.0866666666666666
2 0.7729166666666667 0.5225000000000001 0.0270833333333333 0.0883333333333333
2 0.8046875 0.5225000000000001 0.034375 0.085
2 0.8078124999999999 0.5233333333333333 0.0302083333333333 0.08