1 0.2509765625 0.5166015625 0.0771484375 0.0771484375
1 0.3447265625 0.5166015625 0.048828125 0.046875
3 0.3720703125 0.46875 0.0244140625 0.05859375
3 0.376953125 0.4638671875 0.0166015625 0.0517578125
1 0.4521484375 0.513671875 0.0380859375 0.0400390625
3 0.5068359375 0.3095703125 0.0166015625 0.03515625
4 0.505859375 0.3154296875 0.0146484375 0.0380859375
1 0.548828125 0.53125 0.0810546875 0.103515625
3 0.53515625 0.4248046875 0.0185546875 0.0498046875
3 0.537109375 0.4306640625 0.015625 0.0380859375
3 0.5859375 0.4296875 0.015625 0.0400390625
3 0.5908203125 0.419921875 0.0146484375 0.0400390625
3 0.5947265625 0.3388671875 0.01953125 0.0478515625
3 0.595703125 0.345703125 0.0166015625 0.0419921875
1 0.611328125 0.525390625 0.02734375 0.08203125
1 0.6494140625 0.541015625 0.04296875 0.0947265625
3 0.638671875 0.4609375 0.0107421875 0.0283203125
1 0.6904296875 0.5537109375 0.0576171875 0.1162109375
3 0.7041015625 0.439453125 0.0185546875 0.0517578125
3 0.7041015625 0.4306640625 0.015625 0.0419921875
3 0.7548828125 0.39453125 0.0166015625 0.03515625
3 0.7587890625 0.4111328125 0.0224609375 0.05859375
2 0.9921875 0.5107421875 0.013671875 0.078125