1 0.0921875 0.54 0.0427083333333333 0.0433333333333333
1 0.353125 0.5791666666666667 0.1875 0.2316666666666667
4 0.3536458333333333 0.3133333333333333 0.0197916666666666 0.06
4 0.3557291666666666 0.3141666666666667 0.021875 0.0583333333333333
1 0.4489583333333333 0.5258333333333334 0.0791666666666666 0.085
3 0.4588541666666667 0.3141666666666667 0.0197916666666666 0.0583333333333333
3 0.4604166666666666 0.32 0.0208333333333333 0.0633333333333333
3 0.5442708333333334 0.3475 0.0177083333333333 0.0583333333333333
3 0.5479166666666666 0.3416666666666667 0.0208333333333333 0.0566666666666666
1 0.6244791666666667 0.5533333333333333 0.1364583333333333 0.2433333333333333
3 0.6546875 0.4141666666666667 0.015625 0.0416666666666666
3 0.65625 0.4166666666666667 0.01875 0.04
1 0.9276041666666668 0.3933333333333333 0.1427083333333333 0.1333333333333333