1 0.2166666666666666 0.5508333333333334 0.0520833333333333 0.0583333333333333
1 0.2994791666666667 0.5358333333333334 0.046875 0.055
1 0.4390624999999999 0.5291666666666667 0.0427083333333333 0.0616666666666666
5 0.5635416666666666 0.5216666666666667 0.0354166666666666 0.0566666666666666
1 0.5697916666666667 0.5175000000000001 0.0416666666666666 0.0683333333333333
1 0.7276041666666666 0.54 0.0802083333333333 0.0666666666666666
2 0.7671875 0.5433333333333333 0.021875 0.0933333333333333
1 0.7708333333333334 0.5416666666666667 0.0208333333333333 0.0766666666666666
2 0.7869791666666667 0.54 0.0177083333333333 0.0766666666666666
2 0.8046875 0.5341666666666667 0.021875 0.085
2 0.8036458333333333 0.535 0.0197916666666666 0.08