3 0.326171875 0.447265625 0.015625 0.0283203125
1 0.3955078125 0.478515625 0.025390625 0.033203125
5 0.4189453125 0.4716796875 0.041015625 0.0634765625
5 0.4189453125 0.4677734375 0.0283203125 0.05859375
3 0.455078125 0.3984375 0.017578125 0.037109375
1 0.4951171875 0.482421875 0.0322265625 0.0380859375
3 0.5126953125 0.400390625 0.0224609375 0.037109375
3 0.5517578125 0.4423828125 0.015625 0.0283203125
3 0.5810546875 0.4345703125 0.017578125 0.0263671875
3 0.5810546875 0.4248046875 0.0107421875 0.037109375
1 0.7060546875 0.5400390625 0.173828125 0.20703125