3 0.0830078125 0.0791015625 0.166015625 0.158203125
1 0.0830078125 0.517578125 0.0537109375 0.044921875
1 0.09375 0.4990234375 0.0419921875 0.03125
1 0.271484375 0.5205078125 0.1005859375 0.0849609375
1 0.435546875 0.498046875 0.03515625 0.0400390625
1 0.47265625 0.4970703125 0.0322265625 0.0419921875
1 0.544921875 0.4873046875 0.0263671875 0.0419921875
3 0.568359375 0.3603515625 0.0244140625 0.0615234375
1 0.5810546875 0.48828125 0.017578125 0.056640625
1 0.603515625 0.4931640625 0.033203125 0.046875
3 0.65234375 0.3564453125 0.015625 0.04296875
3 0.7255859375 0.4169921875 0.0166015625 0.0498046875
3 0.80078125 0.0771484375 0.0498046875 0.1162109375
3 0.7998046875 0.0751953125 0.02734375 0.09375
1 0.861328125 0.509765625 0.07421875 0.11328125
2 0.9580078125 0.48046875 0.025390625 0.0966796875
2 0.966796875 0.46875 0.0224609375 0.078125