10 0.0385416666666666 0.4858333333333333 0.0770833333333333 0.0916666666666666
1 0.146875 0.5075000000000001 0.0708333333333333 0.0583333333333333
1 0.2291666666666666 0.4941666666666667 0.0354166666666666 0.045
1 0.3380208333333333 0.49 0.0364583333333333 0.0466666666666666
4 0.4713541666666667 0.3975 0.0114583333333333 0.035
1 0.5078125 0.5091666666666667 0.0760416666666666 0.0983333333333333
4 0.5109375 0.395 0.015625 0.0333333333333333
4 0.5958333333333333 0.4433333333333333 0.0145833333333333 0.03
4 0.628125 0.4341666666666667 0.0125 0.0383333333333333
1 0.6567708333333333 0.4933333333333333 0.0614583333333333 0.0833333333333333
10 0.7864583333333334 0.4741666666666667 0.1958333333333333 0.2183333333333333