1 0.0661458333333333 0.52 0.078125 0.1133333333333333
1 0.1244791666666666 0.54 0.0385416666666666 0.07
1 0.1796875 0.5366666666666667 0.0802083333333333 0.0666666666666666
2 0.2614583333333333 0.5216666666666667 0.0291666666666666 0.1166666666666666
2 0.2614583333333333 0.5325000000000001 0.0270833333333333 0.115
2 0.2927083333333333 0.5225000000000001 0.0291666666666666 0.135
0 0.4057291666666666 0.5325000000000001 0.0239583333333333 0.0683333333333333
2 0.4036458333333333 0.5383333333333333 0.015625 0.0666666666666666
2 0.4078124999999999 0.5358333333333334 0.009375 0.0516666666666666
2 0.5260416666666666 0.5233333333333333 0.0375 0.1433333333333333
1 0.5244791666666666 0.52 0.021875 0.13
1 0.5958333333333333 0.5475 0.10625 0.0783333333333333