6 0.046875 0.28515625 0.072265625 0.2470703125
1 0.2353515625 0.4912109375 0.0419921875 0.0517578125
1 0.439453125 0.498046875 0.091796875 0.0732421875
7 0.5732421875 0.037109375 0.021484375 0.0712890625
6 0.57421875 0.3583984375 0.015625 0.046875
6 0.6591796875 0.3515625 0.015625 0.0400390625
6 0.73046875 0.400390625 0.013671875 0.0263671875
6 0.78515625 0.0927734375 0.021484375 0.0615234375
2 0.796875 0.46484375 0.025390625 0.08984375
2 0.9521484375 0.4765625 0.0302734375 0.15625
2 0.982421875 0.4921875 0.01953125 0.1318359375