1 0.0802083333333333 0.5391666666666667 0.075 0.0716666666666666
3 0.059375 0.4575 0.0208333333333333 0.0416666666666666
7 0.0604166666666666 0.4658333333333334 0.0166666666666666 0.0483333333333333
1 0.1322916666666666 0.5258333333333334 0.04375 0.0583333333333333
1 0.2145833333333333 0.5183333333333333 0.0458333333333333 0.0533333333333333
7 0.2114583333333333 0.3675 0.01875 0.055
1 0.2578125 0.5266666666666667 0.015625 0.05
1 0.2755208333333333 0.5233333333333333 0.0427083333333333 0.05
4 0.2890625 0.3716666666666667 0.0177083333333333 0.05
1 0.3260416666666667 0.5158333333333334 0.05 0.0683333333333333
1 0.4494791666666666 0.54 0.1510416666666666 0.2166666666666666
4 0.384375 0.4475 0.0166666666666666 0.0483333333333333
4 0.3864583333333333 0.4516666666666667 0.0145833333333333 0.03
1 0.6026041666666666 0.4908333333333333 0.1052083333333333 0.0583333333333333
3 0.6072916666666667 0.4016666666666666 0.0333333333333333 0.06
3 0.6119791666666666 0.3741666666666667 0.0260416666666666 0.085
1 0.7020833333333333 0.5583333333333333 0.1875 0.13