1 0.0755208333333333 0.4841666666666667 0.1510416666666666 0.155
7 0.2619791666666666 0.32 0.0197916666666666 0.0433333333333333
7 0.2661458333333333 0.3225 0.021875 0.055
1 0.3322916666666666 0.4916666666666667 0.1104166666666666 0.1266666666666666
4 0.3484375 0.3158333333333333 0.0197916666666666 0.045
4 0.3494791666666667 0.3133333333333333 0.0177083333333333 0.0433333333333333
1 0.4 0.5 0.0395833333333333 0.0733333333333333
4 0.4151041666666666 0.3208333333333333 0.0177083333333333 0.045
4 0.4171875 0.3191666666666667 0.0135416666666666 0.0483333333333333
0 0.5651041666666666 0.495 0.0239583333333333 0.0933333333333333
0 0.5671875 0.4975 0.0239583333333333 0.0783333333333333
4 0.5880208333333333 0.4083333333333334 0.0177083333333333 0.0366666666666666
1 0.6473958333333333 0.485 0.0489583333333333 0.0466666666666666
4 0.6473958333333333 0.345 0.021875 0.06
4 0.6458333333333334 0.3491666666666667 0.01875 0.065