0 0.0213541666666666 0.5483333333333333 0.0322916666666666 0.0866666666666666
0 0.0192708333333333 0.5433333333333333 0.0197916666666666 0.07
2 0.0739583333333333 0.535 0.0145833333333333 0.0666666666666666
10 0.1276041666666666 0.5291666666666667 0.0927083333333333 0.0883333333333333
1 0.2010416666666666 0.5391666666666667 0.075 0.065
10 0.2015625 0.515 0.0552083333333333 0.05
10 0.290625 0.4825 0.1083333333333333 0.175
1 0.3588541666666666 0.5208333333333334 0.0322916666666666 0.035
7 0.4234374999999999 0.3191666666666667 0.0197916666666666 0.055
6 0.5 0.3175 0.0208333333333333 0.0616666666666666
1 0.5416666666666666 0.5216666666666667 0.0458333333333333 0.06
6 0.6442708333333333 0.4116666666666667 0.021875 0.0633333333333333