2 0.5895833333333333 0.5141666666666667 0.0125 0.05
2 0.6067708333333334 0.5208333333333334 0.0135416666666666 0.055
1 0.2468749999999999 0.6758333333333334 0.35625 0.415
2 0.1270833333333333 0.4158333333333333 0.0145833333333333 0.0316666666666666
2 0.1494791666666666 0.5466666666666667 0.028125 0.0866666666666666
6 0.1557291666666666 0.3991666666666666 0.015625 0.0516666666666666
6 0.5177083333333333 0.3708333333333333 0.01875 0.065
2 0.6578125 0.5383333333333333 0.021875 0.0966666666666666
2 0.7895833333333333 0.5316666666666667 0.0458333333333333 0.2133333333333333
2 0.8494791666666667 0.5283333333333333 0.0572916666666666 0.2366666666666667
2 0.9385416666666666 0.5366666666666667 0.0479166666666666 0.19