1 0.0671875 0.5158333333333334 0.134375 0.1683333333333333
6 0.2604166666666667 0.3116666666666667 0.01875 0.03
7 0.259375 0.3233333333333333 0.0166666666666666 0.0466666666666666
7 0.3109375 0.3208333333333333 0.0197916666666666 0.0516666666666666
6 0.3135416666666666 0.3125 0.01875 0.0283333333333333
1 0.3244791666666666 0.4808333333333334 0.0385416666666666 0.045
6 0.3916666666666666 0.3191666666666667 0.0145833333333333 0.045
6 0.4489583333333333 0.3166666666666667 0.0208333333333333 0.0466666666666666
6 0.571875 0.3808333333333333 0.01875 0.035
1 0.8244791666666667 0.4541666666666667 0.1239583333333333 0.0816666666666666
1 0.9447916666666668 0.54 0.1020833333333333 0.36