7 0.3109375 0.3266666666666666 0.0197916666666666 0.06
7 0.3104166666666667 0.3241666666666667 0.0125 0.0416666666666666
1 0.3973958333333333 0.5625 0.1260416666666666 0.1683333333333333
6 0.4010416666666667 0.3308333333333333 0.0166666666666666 0.045
2 0.5427083333333333 0.5191666666666667 0.0270833333333333 0.075
6 0.5390625 0.4233333333333333 0.0135416666666666 0.04
2 0.5421875 0.5183333333333333 0.015625 0.0633333333333333
0 0.63125 0.5216666666666667 0.0291666666666666 0.0833333333333333
0 0.6317708333333333 0.5183333333333333 0.0197916666666666 0.0666666666666666
6 0.6994791666666667 0.2425 0.0385416666666666 0.135
0 0.7067708333333333 0.5166666666666667 0.0489583333333333 0.0766666666666666
6 0.7015625 0.2408333333333333 0.0197916666666666 0.1183333333333333
0 0.7083333333333334 0.5158333333333334 0.025 0.075
2 0.8135416666666666 0.5325000000000001 0.0416666666666666 0.1383333333333333
2 0.8109375 0.5133333333333334 0.0260416666666666 0.0966666666666666
1 0.8880208333333334 0.5041666666666667 0.0864583333333333 0.0716666666666666