1 0.4307291666666666 0.5341666666666667 0.021875 0.0983333333333333
1 0.4859374999999999 0.5116666666666667 0.0364583333333333 0.04
1 0.5276041666666667 0.5091666666666667 0.0427083333333333 0.0616666666666666
4 0.5328125 0.3883333333333333 0.0135416666666666 0.0433333333333333
4 0.5369791666666667 0.3958333333333333 0.0114583333333333 0.035
4 0.6104166666666666 0.4533333333333333 0.0145833333333333 0.0366666666666666
4 0.6140625 0.47 0.0114583333333333 0.0333333333333333
4 0.7692708333333333 0.4116666666666667 0.015625 0.0466666666666666
4 0.7682291666666666 0.43 0.0114583333333333 0.0333333333333333
1 0.8463541666666666 0.5016666666666667 0.0885416666666666 0.04
1 0.9369791666666668 0.4941666666666667 0.071875 0.0283333333333333