1 0.2578125 0.4758333333333334 0.0322916666666666 0.0383333333333333
6 0.3020833333333333 0.4275 0.0166666666666666 0.025
1 0.3177083333333333 0.4683333333333334 0.0395833333333333 0.0566666666666666
6 0.3927083333333333 0.4108333333333334 0.0145833333333333 0.0316666666666666
4 0.4526041666666666 0.3583333333333333 0.015625 0.0333333333333333
4 0.4567708333333333 0.3558333333333333 0.015625 0.0383333333333333
1 0.559375 0.4691666666666667 0.0458333333333333 0.0416666666666666
4 0.5614583333333333 0.4166666666666667 0.0104166666666666 0.0366666666666666
4 0.5734375 0.4083333333333334 0.0114583333333333 0.0266666666666666
10 0.634375 0.4333333333333333 0.09375 0.0833333333333333
1 0.709375 0.4966666666666667 0.1541666666666666 0.1733333333333333