1 0.9502604166666666 0.5687500000000001 0.0984375 0.2425
10 0.1479166666666666 0.4908333333333333 0.08125 0.055
1 0.1567708333333333 0.5466666666666667 0.0697916666666666 0.09
1 0.3854166666666667 0.5383333333333333 0.11875 0.1566666666666666
3 0.340625 0.36 0.0145833333333333 0.0366666666666666
6 0.4182291666666666 0.3558333333333333 0.0135416666666666 0.0383333333333333
6 0.48125 0.355 0.0125 0.04
6 0.6328125 0.4316666666666667 0.0177083333333333 0.0466666666666666
6 0.6328125 0.4291666666666667 0.0114583333333333 0.035
1 0.8041666666666667 0.52 0.2020833333333333 0.2066666666666667
6 0.7276041666666666 0.3425 0.0260416666666666 0.0683333333333333