1 0.0729166666666666 0.5141666666666667 0.0729166666666666 0.0616666666666666
3 0.14375 0.2325 0.0208333333333333 0.065
1 0.1807291666666666 0.4858333333333333 0.0739583333333333 0.085
10 0.1911458333333333 0.4891666666666667 0.0677083333333333 0.075
6 0.3098958333333333 0.2225 0.021875 0.0716666666666666
3 0.45 0.2358333333333333 0.0229166666666666 0.0816666666666666
6 0.6692708333333334 0.3633333333333333 0.0260416666666666 0.06
6 0.6692708333333334 0.3508333333333333 0.0135416666666666 0.0383333333333333
1 0.8359375 0.4966666666666667 0.2677083333333333 0.15
6 0.9557291666666666 0.0783333333333333 0.0739583333333333 0.15
6 0.9520833333333332 0.065 0.0416666666666666 0.13