2 0.04375 0.5625 0.0229166666666666 0.0883333333333333
2 0.190625 0.5708333333333334 0.025 0.1516666666666666
6 0.209375 0.435 0.0166666666666666 0.0533333333333333
2 0.2416666666666666 0.5566666666666668 0.0270833333333333 0.1533333333333333
2 0.2421875 0.56 0.028125 0.1433333333333333
2 0.2755208333333333 0.5650000000000001 0.0302083333333333 0.1366666666666667
2 0.2942708333333333 0.5616666666666666 0.015625 0.1366666666666667
2 0.2984375 0.5658333333333334 0.0197916666666666 0.1416666666666666
2 0.3182291666666667 0.5566666666666668 0.0239583333333333 0.15
2 0.4078124999999999 0.5341666666666667 0.0364583333333333 0.0883333333333333
2 0.4098958333333333 0.5333333333333333 0.0177083333333333 0.0766666666666666
2 0.4223958333333333 0.5366666666666667 0.015625 0.0633333333333333
2 0.434375 0.5308333333333334 0.0166666666666666 0.075
2 0.4791666666666667 0.55 0.04375 0.1433333333333333
2 0.4739583333333333 0.5433333333333333 0.01875 0.14
2 0.4729166666666666 0.5216666666666667 0.0166666666666666 0.0933333333333333
1 0.5005208333333333 0.53 0.0447916666666666 0.0566666666666666
6 0.5583333333333333 0.415 0.0166666666666666 0.0566666666666666
2 0.5666666666666667 0.5175000000000001 0.0125 0.0616666666666666
2 0.6255208333333333 0.5158333333333334 0.0260416666666666 0.0683333333333333
2 0.6526041666666667 0.4916666666666667 0.034375 0.0466666666666666
2 0.6479166666666667 0.4933333333333333 0.0125 0.0233333333333333
1 0.834375 0.6891666666666667 0.325 0.495
2 0.746875 0.4508333333333333 0.0270833333333333 0.0616666666666666
2 0.7802083333333333 0.46 0.0229166666666666 0.0533333333333333