1 0.9072265625 0.712890625 0.18359375 0.4765625
10 0.076171875 0.4609375 0.109375 0.0947265625
10 0.0888671875 0.462890625 0.126953125 0.1162109375
10 0.1669921875 0.505859375 0.064453125 0.1513671875
1 0.236328125 0.5458984375 0.06640625 0.0654296875
10 0.2685546875 0.5107421875 0.0849609375 0.1083984375
1 0.2802734375 0.5068359375 0.0458984375 0.0966796875
1 0.3798828125 0.546875 0.09375 0.123046875
1 0.4326171875 0.5146484375 0.0400390625 0.1279296875
1 0.53515625 0.533203125 0.078125 0.1064453125
1 0.822265625 0.5 0.0849609375 0.080078125