1 0.0822916666666666 0.5325000000000001 0.1604166666666666 0.115
2 0.1635416666666666 0.545 0.0958333333333333 0.3233333333333333
10 0.3619791666666667 0.4683333333333334 0.0927083333333333 0.1466666666666666
1 0.3708333333333333 0.38 0.0958333333333333 0.1466666666666666
2 0.4192708333333333 0.4975 0.0197916666666666 0.0783333333333333
2 0.4244791666666667 0.5041666666666667 0.0177083333333333 0.0683333333333333
2 0.4317708333333333 0.4966666666666667 0.0135416666666666 0.07
2 0.4463541666666666 0.4958333333333333 0.0177083333333333 0.0683333333333333
7 0.4765625 0.3208333333333333 0.0177083333333333 0.055
6 0.5432291666666667 0.3183333333333333 0.0177083333333333 0.0566666666666666
2 0.6645833333333333 0.5608333333333334 0.0770833333333333 0.3183333333333333
6 0.6755208333333333 0.4008333333333334 0.0197916666666666 0.0616666666666666