1 0.0994791666666666 0.5333333333333333 0.1989583333333333 0.5366666666666667
1 0.1947916666666666 0.4408333333333333 0.1541666666666666 0.1083333333333333
7 0.2468749999999999 0.3516666666666667 0.0229166666666666 0.0633333333333333
3 0.2468749999999999 0.3533333333333333 0.01875 0.05
3 0.3057291666666666 0.3566666666666667 0.0197916666666666 0.0666666666666666
1 0.3583333333333333 0.5116666666666667 0.04375 0.0766666666666666
4 0.3822916666666666 0.36 0.01875 0.0566666666666666
3 0.3859375 0.355 0.0177083333333333 0.0466666666666666
4 0.4447916666666666 0.3633333333333333 0.0333333333333333 0.0766666666666666
6 0.4442708333333333 0.3533333333333333 0.0177083333333333 0.05
4 0.5640625 0.43 0.0177083333333333 0.0633333333333333
4 0.5682291666666667 0.4191666666666667 0.0177083333333333 0.045
1 0.765625 0.515 0.03125 0.0733333333333333
1 0.8645833333333334 0.5333333333333333 0.2083333333333333 0.2433333333333333