10 0.046875 0.525 0.09375 0.1033333333333333
10 0.0484375 0.5291666666666667 0.0947916666666666 0.105
1 0.1109375 0.5825 0.1260416666666666 0.185
3 0.3166666666666666 0.3391666666666666 0.0208333333333333 0.0516666666666666
3 0.4135416666666666 0.3266666666666666 0.025 0.0566666666666666
3 0.4156249999999999 0.3391666666666666 0.0166666666666666 0.055
1 0.4817708333333333 0.5116666666666667 0.009375 0.03
3 0.4921875 0.3308333333333333 0.0260416666666666 0.0716666666666666
3 0.4927083333333333 0.33 0.0166666666666666 0.0466666666666666
1 0.628125 0.5433333333333333 0.0458333333333333 0.1166666666666666
3 0.6796875 0.4316666666666667 0.0197916666666666 0.0566666666666666
1 0.9421875 0.52 0.0802083333333333 0.06
3 0.9375 0.2591666666666666 0.05 0.145