6 0.4234374999999999 0.4791666666666667 0.0135416666666666 0.0416666666666666
1 0.4333333333333333 0.5508333333333334 0.0333333333333333 0.1183333333333333
1 0.4890625 0.5183333333333333 0.0364583333333333 0.04
1 0.5286458333333334 0.5166666666666667 0.0364583333333333 0.0566666666666666
4 0.5453125 0.39 0.0135416666666666 0.0433333333333333
4 0.5458333333333333 0.3941666666666666 0.0104166666666666 0.035
4 0.625 0.4516666666666667 0.0145833333333333 0.0366666666666666
4 0.6286458333333333 0.47 0.0114583333333333 0.0333333333333333
4 0.7984375 0.405 0.015625 0.0466666666666666
4 0.7963541666666667 0.4216666666666667 0.0114583333333333 0.0333333333333333
1 0.8703124999999999 0.4933333333333333 0.1010416666666666 0.06
1 0.9598958333333332 0.5 0.0739583333333333 0.0533333333333333