2 0.0578124999999999 0.5475 0.0239583333333333 0.0983333333333333
2 0.0557291666666666 0.5541666666666667 0.0177083333333333 0.085
2 0.078125 0.5491666666666667 0.0291666666666666 0.095
2 0.0755208333333333 0.55 0.015625 0.0966666666666666
1 0.2213541666666666 0.5541666666666667 0.0947916666666666 0.1116666666666666
1 0.2822916666666666 0.5291666666666667 0.03125 0.065
1 0.4322916666666667 0.5191666666666667 0.0458333333333333 0.0583333333333333
3 0.5828125 0.3183333333333333 0.028125 0.0966666666666666
2 0.7182291666666667 0.4966666666666667 0.034375 0.13
2 0.7484375 0.4991666666666667 0.059375 0.165
2 0.7744791666666666 0.4991666666666667 0.0302083333333333 0.135
2 0.8109375 0.5158333333333334 0.0552083333333333 0.1516666666666666
2 0.8140625 0.5016666666666667 0.0510416666666666 0.1633333333333333
2 0.8567708333333334 0.5458333333333334 0.034375 0.0883333333333333