10 0.5453125 0.5033333333333334 0.0541666666666666 0.0483333333333333
1 0.0130208333333333 0.5875 0.025 0.135
10 0.0760416666666666 0.5016666666666667 0.1083333333333333 0.0866666666666666
1 0.2854166666666666 0.5925 0.3229166666666667 0.425
3 0.3182291666666667 0.3316666666666666 0.0177083333333333 0.05
6 0.4145833333333333 0.325 0.0145833333333333 0.04
2 0.4546874999999999 0.5316666666666667 0.015625 0.07
6 0.4927083333333333 0.3266666666666666 0.0145833333333333 0.0466666666666666
6 0.68125 0.4175 0.0229166666666666 0.0616666666666666
6 0.6802083333333333 0.415 0.0145833333333333 0.0433333333333333
1 0.8515625 0.5283333333333333 0.0822916666666666 0.0666666666666666
6 0.93125 0.2466666666666666 0.0395833333333333 0.1233333333333333
2 0.9723958333333332 0.5408333333333334 0.034375 0.1183333333333333