2 0.3627604166666666 0.5283333333333333 0.0265625 0.13
1 0.30390625 0.5279166666666667 0.0369791666666666 0.0458333333333333
1 0.2411458333333333 0.54 0.0645833333333333 0.0633333333333333
3 0.0166666666666666 0.3591666666666667 0.0322916666666666 0.0916666666666666
1 0.1114583333333333 0.5833333333333334 0.221875 0.2033333333333333
2 0.1515625 0.5141666666666667 0.0135416666666666 0.0183333333333333
3 0.5203125 0.3283333333333333 0.034375 0.0966666666666666
2 0.5885416666666666 0.52 0.0375 0.0933333333333333
2 0.6276041666666666 0.5108333333333334 0.0135416666666666 0.115
2 0.6572916666666666 0.51 0.0354166666666666 0.11
2 0.6557291666666667 0.51 0.021875 0.09
2 0.8598958333333333 0.48 0.034375 0.1466666666666666