1 0.2302083333333333 0.5308333333333334 0.05 0.0483333333333333
7 0.3671875 0.4441666666666667 0.0177083333333333 0.0416666666666666
7 0.3645833333333333 0.445 0.0125 0.04
1 0.4286458333333333 0.5391666666666667 0.046875 0.125
6 0.4572916666666666 0.3958333333333333 0.0145833333333333 0.0483333333333333
6 0.4567708333333333 0.3908333333333333 0.0114583333333333 0.0316666666666666
6 0.4942708333333333 0.4458333333333333 0.015625 0.055
6 0.4953125 0.4491666666666667 0.0114583333333333 0.035
6 0.5770833333333333 0.4008333333333334 0.0229166666666666 0.0683333333333333
6 0.5755208333333334 0.3975 0.0135416666666666 0.0516666666666666
1 0.84375 0.505 0.1770833333333333 0.1233333333333333