1 0.07265625 0.5 0.1442708333333333 0.1483333333333333
1 0.3276041666666666 0.505 0.0510416666666666 0.0533333333333333
4 0.3583333333333333 0.3233333333333333 0.0166666666666666 0.0466666666666666
4 0.3609375 0.3283333333333333 0.0177083333333333 0.05
1 0.4317708333333333 0.4925 0.0322916666666666 0.0316666666666666
4 0.4776041666666666 0.3458333333333334 0.0197916666666666 0.045
4 0.5994791666666667 0.4108333333333334 0.015625 0.0383333333333333
2 0.6463541666666667 0.4816666666666667 0.0177083333333333 0.08
2 0.6515625 0.4816666666666667 0.0135416666666666 0.06
2 0.6598958333333333 0.485 0.0135416666666666 0.0666666666666666
2 0.7203125 0.4833333333333333 0.0322916666666666 0.14
2 0.7140625 0.4975 0.0197916666666666 0.1416666666666666
2 0.8838541666666666 0.4666666666666667 0.0114583333333333 0.0466666666666666
2 0.8880208333333334 0.4658333333333334 0.015625 0.045
2 0.8932291666666666 0.4675 0.021875 0.0516666666666666