1 0.1765625 0.5950000000000001 0.1114583333333333 0.1133333333333333
1 0.240625 0.5741666666666667 0.0416666666666666 0.0983333333333333
1 0.271875 0.5683333333333334 0.0270833333333333 0.07
1 0.3822916666666666 0.5825 0.09375 0.115
1 0.5296875 0.5675 0.0697916666666666 0.125
3 0.5598958333333334 0.2791666666666667 0.0364583333333333 0.125
2 0.646875 0.5666666666666667 0.0375 0.0933333333333333
2 0.6625 0.54 0.0416666666666666 0.1066666666666666
2 0.659375 0.5266666666666667 0.01875 0.07
2 0.696875 0.5441666666666667 0.0145833333333333 0.075
2 0.8468749999999999 0.5366666666666667 0.0354166666666666 0.2