2 0.7536458333333333 0.47375 0.025 0.1258333333333333
10 0.0723958333333333 0.4991666666666667 0.14375 0.215
10 0.2083333333333333 0.4675 0.1625 0.265
1 0.353125 0.5116666666666667 0.05625 0.0766666666666666
0 0.3963541666666667 0.5091666666666667 0.028125 0.0916666666666666
2 0.6619791666666667 0.4783333333333334 0.0302083333333333 0.1033333333333333
2 0.6625 0.4658333333333334 0.0270833333333333 0.0783333333333333
2 0.6890625 0.475 0.034375 0.1066666666666666
2 0.6885416666666666 0.4825 0.0291666666666666 0.1116666666666666
2 0.728125 0.4733333333333334 0.0291666666666666 0.1166666666666666
2 0.7994791666666666 0.46 0.0364583333333333 0.1633333333333333