6 0.0822916666666666 0.0783333333333333 0.1645833333333333 0.1566666666666666
6 0.0651041666666666 0.0675 0.0760416666666666 0.125
1 0.09375 0.4991666666666667 0.0416666666666666 0.0316666666666666
1 0.2171875 0.5133333333333334 0.0614583333333333 0.0766666666666666
1 0.3375 0.5141666666666667 0.075 0.0783333333333333
1 0.4260416666666666 0.5016666666666667 0.0270833333333333 0.0466666666666666
3 0.5682291666666667 0.3608333333333333 0.0239583333333333 0.0616666666666666
3 0.5734375 0.03 0.028125 0.0566666666666666
6 0.5661458333333333 0.3641666666666667 0.0135416666666666 0.0416666666666666
6 0.6526041666666667 0.3575 0.009375 0.0383333333333333
3 0.8010416666666667 0.0766666666666666 0.05 0.1166666666666666
6 0.8015625 0.0766666666666666 0.028125 0.09
1 0.8098958333333334 0.4991666666666667 0.0302083333333333 0.0416666666666666
2 0.9614583333333332 0.4933333333333333 0.0229166666666666 0.1