3 0.0630208333333333 0.0683333333333333 0.0864583333333333 0.1333333333333333
1 0.3083333333333333 0.5041666666666667 0.075 0.0616666666666666
1 0.4739583333333333 0.4941666666666667 0.0416666666666666 0.0516666666666666
1 0.6052083333333333 0.5 0.1229166666666666 0.0733333333333333
3 0.571875 0.0275 0.0291666666666666 0.0516666666666666
6 0.565625 0.3633333333333333 0.0145833333333333 0.0466666666666666
6 0.653125 0.3583333333333333 0.0166666666666666 0.05
6 0.6526041666666667 0.3575 0.009375 0.0383333333333333
6 0.7286458333333333 0.4191666666666667 0.0135416666666666 0.0483333333333333
6 0.8010416666666667 0.075 0.0291666666666666 0.0933333333333333
1 0.8619791666666666 0.4891666666666667 0.071875 0.055