1 0.0635416666666666 0.5666666666666667 0.1260416666666666 0.2916666666666667
1 0.2625 0.5016666666666667 0.1458333333333333 0.16
1 0.359375 0.4866666666666667 0.0541666666666666 0.0966666666666666
1 0.403125 0.4766666666666667 0.0416666666666666 0.0866666666666666
1 0.4291666666666666 0.4175 0.0604166666666666 0.055
1 0.4421875 0.4741666666666667 0.0427083333333333 0.0783333333333333
1 0.4765625 0.4525 0.021875 0.0816666666666666
1 0.5338541666666666 0.4391666666666667 0.021875 0.065
10 0.5473958333333333 0.4091666666666667 0.0322916666666666 0.115
10 0.6588541666666666 0.3891666666666667 0.0739583333333333 0.1416666666666666
1 0.7770833333333333 0.4416666666666667 0.0458333333333333 0.0833333333333333
1 0.8104166666666667 0.4341666666666667 0.0333333333333333 0.0883333333333333
1 0.8890625 0.4575 0.0489583333333333 0.125
1 0.9489583333333332 0.455 0.0979166666666666 0.11