1 0.0309895833333333 0.6058333333333333 0.0609375 0.1933333333333333
10 0.0609375 0.5275000000000001 0.1208333333333333 0.0816666666666666
2 0.1979166666666666 0.535 0.0208333333333333 0.0633333333333333
6 0.353125 0.1858333333333333 0.0354166666666666 0.085
1 0.56875 0.525 0.1125 0.07
6 0.6015625 0.3525 0.028125 0.0883333333333333
6 0.6057291666666667 0.3483333333333333 0.0177083333333333 0.0733333333333333
2 0.7109375 0.5016666666666667 0.053125 0.1066666666666666
2 0.7875 0.5416666666666667 0.0333333333333333 0.1666666666666666
2 0.821875 0.5366666666666667 0.0291666666666666 0.17
2 0.8781249999999999 0.5216666666666667 0.0458333333333333 0.1633333333333333