1 0.1973958333333333 0.5475 0.2156249999999999 0.2216666666666666
10 0.3411458333333333 0.4508333333333333 0.0760416666666666 0.1083333333333333
6 0.3744791666666666 0.4266666666666667 0.0177083333333333 0.0333333333333333
1 0.3979166666666666 0.4866666666666667 0.04375 0.0666666666666666
6 0.3958333333333333 0.4233333333333333 0.0145833333333333 0.0266666666666666
6 0.4338541666666666 0.4216666666666667 0.015625 0.03
6 0.4583333333333333 0.4266666666666667 0.0145833333333333 0.0333333333333333
1 0.4802083333333333 0.5066666666666667 0.0395833333333333 0.0466666666666666
6 0.509375 0.455 0.0125 0.0266666666666666
1 0.890625 0.4941666666666667 0.04375 0.065
1 0.9385416666666666 0.5008333333333334 0.0958333333333333 0.0483333333333333