2 0.3940104166666666 0.5125000000000001 0.0171875 0.0433333333333333
2 0.8255208333333334 0.4975 0.0229166666666666 0.145
2 0.8622395833333333 0.5033333333333334 0.0296875 0.155
1 0.1552083333333333 0.5491666666666667 0.0854166666666666 0.0983333333333333
1 0.2609375 0.53 0.0447916666666666 0.0533333333333333
10 0.421875 0.5075000000000001 0.0229166666666666 0.0316666666666666
2 0.7489583333333333 0.4975 0.01875 0.1016666666666666
2 0.7515625 0.5016666666666667 0.0177083333333333 0.0966666666666666
2 0.7734375 0.4816666666666667 0.028125 0.1033333333333333
2 0.7729166666666667 0.49 0.0208333333333333 0.1066666666666666
2 0.8005208333333333 0.4875 0.021875 0.1283333333333333
2 0.8026041666666667 0.495 0.0239583333333333 0.13