1 0.3846354166666667 0.5183333333333333 0.0140625 0.0183333333333333
10 0.06875 0.5225000000000001 0.1364583333333333 0.0916666666666666
6 0.3598958333333333 0.2091666666666666 0.028125 0.085
1 0.4244791666666667 0.5175000000000001 0.028125 0.0383333333333333
6 0.5979166666666667 0.3658333333333333 0.0270833333333333 0.0816666666666666
2 0.728125 0.5216666666666667 0.0333333333333333 0.12
2 0.725 0.5233333333333333 0.025 0.12
2 0.7546875 0.5241666666666667 0.034375 0.115
2 0.7541666666666667 0.5241666666666667 0.0291666666666666 0.1216666666666666
2 0.8348958333333333 0.5358333333333334 0.065625 0.2116666666666666
2 0.9421875 0.5575 0.065625 0.2716666666666666
4 0.9703125 0.08 0.0572916666666666 0.1583333333333333