1 0.01875 0.5783333333333334 0.0375 0.1533333333333333
10 0.0760416666666666 0.5016666666666667 0.1083333333333333 0.0866666666666666
1 0.0911458333333333 0.5766666666666667 0.1364583333333333 0.18
3 0.3182291666666667 0.33 0.0177083333333333 0.05
6 0.4140625 0.3241666666666667 0.015625 0.0416666666666666
6 0.4921875 0.3258333333333333 0.015625 0.0483333333333333
1 0.5145833333333333 0.5266666666666667 0.0395833333333333 0.0566666666666666
1 0.6973958333333333 0.5650000000000001 0.1677083333333333 0.18
2 0.6260416666666666 0.5233333333333333 0.01875 0.0566666666666666
2 0.6270833333333333 0.5166666666666667 0.0145833333333333 0.04
6 0.6796875 0.415 0.015625 0.0433333333333333
6 0.9296875 0.2491666666666666 0.0489583333333333 0.1516666666666666
2 0.9614583333333332 0.5408333333333334 0.03125 0.1183333333333333