1 0.0576171875 0.5 0.06640625 0.099609375
1 0.1298828125 0.53125 0.0419921875 0.056640625
1 0.244140625 0.5302734375 0.201171875 0.2333984375
7 0.2080078125 0.337890625 0.0224609375 0.0634765625
3 0.2099609375 0.3349609375 0.0185546875 0.0498046875
3 0.271484375 0.33203125 0.01953125 0.06640625
4 0.365234375 0.33203125 0.0185546875 0.056640625
3 0.373046875 0.33203125 0.017578125 0.046875
1 0.3984375 0.5146484375 0.0380859375 0.04296875
4 0.4365234375 0.34375 0.033203125 0.0771484375
6 0.4404296875 0.3369140625 0.017578125 0.0498046875
4 0.5849609375 0.4345703125 0.017578125 0.0634765625
4 0.5869140625 0.4267578125 0.0166015625 0.0537109375
1 0.8369140625 0.5185546875 0.056640625 0.0869140625
1 0.9306640625 0.5146484375 0.1376953125 0.0947265625