2 0.959375 0.46375 0.0208333333333333 0.0625
1 0.2192708333333333 0.5041666666666667 0.059375 0.055
1 0.2744791666666666 0.4983333333333333 0.046875 0.0666666666666666
4 0.265625 0.27 0.0166666666666666 0.0466666666666666
4 0.2671875 0.26 0.0177083333333333 0.05
1 0.35 0.4933333333333333 0.03125 0.0366666666666666
4 0.4312499999999999 0.285 0.01875 0.06
4 0.5984375 0.3908333333333333 0.015625 0.0383333333333333
2 0.6635416666666667 0.4783333333333334 0.0166666666666666 0.07
2 0.6651041666666666 0.4766666666666667 0.0135416666666666 0.06
2 0.6776041666666667 0.48 0.0135416666666666 0.0666666666666666