10 0.0817708333333333 0.5075000000000001 0.1635416666666666 0.0916666666666666
1 0.059375 0.54 0.0708333333333333 0.0366666666666666
1 0.2395833333333333 0.5391666666666667 0.0541666666666666 0.0316666666666666
1 0.3 0.5316666666666667 0.04375 0.0433333333333333
1 0.3385416666666667 0.5475 0.05 0.0583333333333333
1 0.3713541666666666 0.5441666666666667 0.0197916666666666 0.0516666666666666
3 0.4203125 0.3958333333333333 0.0114583333333333 0.035
7 0.4234374999999999 0.3975 0.0177083333333333 0.0383333333333333
4 0.475 0.3983333333333334 0.0125 0.04
1 0.5072916666666667 0.5291666666666667 0.0333333333333333 0.0916666666666666
1 0.5515625 0.535 0.0322916666666666 0.0466666666666666
4 0.5567708333333333 0.4591666666666667 0.0114583333333333 0.025
2 0.8541666666666666 0.5375000000000001 0.025 0.185