10 0.515625 0.5045833333333334 0.0177083333333333 0.0325
1 0.015625 0.5841666666666667 0.0302083333333333 0.1416666666666666
10 0.0760416666666666 0.5016666666666667 0.1083333333333333 0.0866666666666666
1 0.2854166666666666 0.5925 0.3229166666666667 0.425
7 0.3182291666666667 0.3316666666666666 0.0177083333333333 0.05
6 0.4145833333333333 0.325 0.0145833333333333 0.04
6 0.4927083333333333 0.3266666666666666 0.0145833333333333 0.0466666666666666
2 0.5416666666666666 0.53 0.0145833333333333 0.07
1 0.7458333333333333 0.5783333333333334 0.2125 0.21
6 0.68125 0.4175 0.0229166666666666 0.0616666666666666
6 0.6802083333333333 0.415 0.0145833333333333 0.0433333333333333
6 0.93125 0.2466666666666666 0.0395833333333333 0.1233333333333333
2 0.9635416666666666 0.54 0.0354166666666666 0.1166666666666666