1 0.0125 0.5875 0.025 0.1016666666666666
2 0.0171875 0.5341666666666667 0.015625 0.0783333333333333
2 0.0182291666666666 0.5266666666666667 0.0135416666666666 0.08
6 0.1578125 0.3975 0.0135416666666666 0.045
1 0.4369791666666666 0.5316666666666667 0.034375 0.0566666666666666
6 0.5145833333333333 0.365 0.0166666666666666 0.0566666666666666
2 0.6473958333333333 0.5308333333333334 0.021875 0.1016666666666666
2 0.646875 0.5291666666666667 0.0166666666666666 0.0916666666666666
2 0.7213541666666666 0.5366666666666667 0.0322916666666666 0.2166666666666666
2 0.7479166666666667 0.5225000000000001 0.06875 0.2583333333333333
2 0.915625 0.5341666666666667 0.0333333333333333 0.1883333333333333
2 0.9177083333333332 0.5275000000000001 0.0333333333333333 0.175