3 0.0634765625 0.068359375 0.0869140625 0.1337890625
1 0.30859375 0.50390625 0.0751953125 0.0615234375
1 0.4736328125 0.494140625 0.0419921875 0.0517578125
1 0.60546875 0.5 0.123046875 0.0732421875
3 0.572265625 0.02734375 0.029296875 0.0517578125
6 0.5654296875 0.36328125 0.0146484375 0.046875
6 0.6533203125 0.3583984375 0.0166015625 0.0498046875
6 0.65234375 0.357421875 0.009765625 0.0380859375
6 0.728515625 0.4189453125 0.013671875 0.0478515625
6 0.80078125 0.0751953125 0.029296875 0.09375
1 0.8623046875 0.4892578125 0.072265625 0.0546875