1 0.14375 0.5216666666666667 0.1020833333333333 0.0866666666666666
5 0.1536458333333333 0.4733333333333334 0.028125 0.0733333333333333
10 0.225 0.4958333333333333 0.1020833333333333 0.185
7 0.3114583333333333 0.4358333333333333 0.01875 0.0483333333333333
5 0.3119791666666666 0.435 0.0135416666666666 0.0433333333333333
1 0.3276041666666666 0.4616666666666666 0.021875 0.0233333333333333
1 0.3661458333333333 0.5075000000000001 0.053125 0.085
1 0.3760416666666666 0.4508333333333333 0.01875 0.025
1 0.4744791666666667 0.4708333333333334 0.034375 0.045
4 0.4937499999999999 0.3275 0.0166666666666666 0.0483333333333333
4 0.4942708333333333 0.3258333333333333 0.015625 0.045
1 0.5130208333333334 0.4858333333333333 0.0322916666666666 0.0316666666666666
4 0.60625 0.4083333333333334 0.0125 0.0333333333333333
2 0.6088541666666667 0.4766666666666667 0.0177083333333333 0.0666666666666666
1 0.7192708333333333 0.495 0.0989583333333333 0.0533333333333333