1 0.1770833333333333 0.5391666666666667 0.05 0.0583333333333333
7 0.2796875 0.28 0.0239583333333333 0.0666666666666666
6 0.3901041666666666 0.2858333333333333 0.0239583333333333 0.075
2 0.4963541666666666 0.5266666666666667 0.0239583333333333 0.07
2 0.540625 0.5191666666666667 0.0208333333333333 0.075
6 0.5635416666666666 0.4133333333333334 0.0270833333333333 0.0733333333333333
2 0.5869791666666666 0.515 0.0260416666666666 0.0833333333333333
0 0.6291666666666667 0.5275000000000001 0.0333333333333333 0.0916666666666666
0 0.6557291666666667 0.5258333333333334 0.0322916666666666 0.0883333333333333
2 0.6869791666666667 0.5283333333333333 0.021875 0.08
2 0.7026041666666667 0.525 0.021875 0.0866666666666666
2 0.7244791666666667 0.5216666666666667 0.0197916666666666 0.0866666666666666
2 0.8796875 0.5166666666666667 0.0177083333333333 0.0766666666666666
2 0.88125 0.5225000000000001 0.0208333333333333 0.0816666666666666
2 0.9026041666666668 0.5225000000000001 0.0364583333333333 0.1516666666666666
1 0.9625 0.5241666666666667 0.06875 0.085