1 0.10078125 0.49625 0.0963541666666666 0.0625
10 0.221875 0.465 0.1479166666666666 0.1166666666666666
10 0.2229166666666666 0.47 0.1416666666666666 0.1266666666666666
1 0.2994791666666667 0.4941666666666667 0.0427083333333333 0.0583333333333333
1 0.3479166666666666 0.4933333333333333 0.0354166666666666 0.05
4 0.4088541666666667 0.3283333333333333 0.0177083333333333 0.0366666666666666
1 0.4859374999999999 0.4875 0.0322916666666666 0.0383333333333333
4 0.5276041666666667 0.3433333333333334 0.021875 0.0466666666666666
4 0.5265625 0.335 0.0135416666666666 0.0466666666666666
4 0.6098958333333333 0.4158333333333333 0.015625 0.0283333333333333
4 0.6114583333333333 0.4116666666666667 0.0166666666666666 0.0466666666666666
1 0.8072916666666666 0.5733333333333334 0.29375 0.2833333333333333
4 0.7442708333333333 0.3525 0.0177083333333333 0.055
4 0.7442708333333333 0.3633333333333333 0.0177083333333333 0.0266666666666666