7 0.040625 0.44 0.025 0.06
0 0.0375 0.545 0.0166666666666666 0.0666666666666666
0 0.0651041666666666 0.54 0.0135416666666666 0.0666666666666666
10 0.1651041666666666 0.5266666666666667 0.0822916666666666 0.0833333333333333
1 0.2348958333333333 0.5375000000000001 0.0572916666666666 0.0483333333333333
10 0.2354166666666666 0.5133333333333334 0.05625 0.0566666666666666
10 0.3197916666666666 0.4866666666666667 0.1 0.1466666666666666
1 0.4135416666666666 0.5158333333333334 0.0354166666666666 0.035
7 0.4432291666666667 0.3266666666666666 0.0197916666666666 0.06
6 0.5182291666666666 0.3275 0.0239583333333333 0.065
6 0.6552083333333333 0.4133333333333334 0.0229166666666666 0.0666666666666666