1 0.0463541666666666 0.5391666666666667 0.0927083333333333 0.105
6 0.159375 0.3258333333333333 0.025 0.075
6 0.159375 0.3341666666666666 0.0229166666666666 0.075
2 0.2041666666666666 0.5 0.0458333333333333 0.13
1 0.4869791666666667 0.4716666666666667 0.021875 0.0333333333333333
1 0.5671875 0.485 0.0364583333333333 0.0466666666666666
1 0.6083333333333333 0.4891666666666667 0.0625 0.0716666666666666
6 0.6026041666666666 0.2991666666666667 0.0177083333333333 0.075
2 0.7541666666666667 0.4641666666666666 0.0208333333333333 0.1016666666666666
2 0.7546875 0.4658333333333334 0.0197916666666666 0.0983333333333333
1 0.9333333333333332 0.4808333333333334 0.1291666666666666 0.1683333333333333