1 0.0864583333333333 0.4675 0.1729166666666666 0.2616666666666666
10 0.25 0.4575 0.1479166666666666 0.1683333333333333
6 0.3427083333333333 0.4183333333333333 0.01875 0.0333333333333333
6 0.3447916666666666 0.415 0.0145833333333333 0.0266666666666666
6 0.3729166666666667 0.4208333333333333 0.0125 0.0283333333333333
6 0.375 0.4116666666666667 0.0145833333333333 0.0266666666666666
1 0.4135416666666666 0.5 0.0354166666666666 0.0533333333333333
6 0.4208333333333333 0.4116666666666667 0.0145833333333333 0.03
6 0.4208333333333333 0.4158333333333333 0.0145833333333333 0.0283333333333333
6 0.4489583333333333 0.4166666666666667 0.0145833333333333 0.0366666666666666
6 0.4505208333333333 0.415 0.0135416666666666 0.03
1 0.5015625 0.4933333333333333 0.028125 0.04
6 0.5145833333333333 0.4516666666666667 0.0125 0.0266666666666666
1 0.609375 0.4916666666666667 0.0541666666666666 0.05