3 0.060546875 0.072265625 0.1015625 0.14453125
1 0.0849609375 0.5341796875 0.0283203125 0.0751953125
1 0.4736328125 0.505859375 0.0341796875 0.0478515625
6 0.564453125 0.3642578125 0.0166015625 0.0478515625
3 0.5712890625 0.0263671875 0.029296875 0.052734375
6 0.65234375 0.3603515625 0.0146484375 0.0537109375
6 0.728515625 0.4130859375 0.0185546875 0.0537109375
6 0.80078125 0.080078125 0.029296875 0.11328125
1 0.8193359375 0.48828125 0.0625 0.0400390625
1 0.8623046875 0.4892578125 0.072265625 0.0546875
1 0.9189453125 0.48046875 0.0830078125 0.0634765625