10 0.1317708333333333 0.4966666666666667 0.1322916666666666 0.13
10 0.1307291666666666 0.4975 0.1239583333333333 0.135
1 0.1932291666666666 0.555 0.1510416666666666 0.1533333333333333
1 0.2921875 0.5275000000000001 0.0677083333333333 0.0716666666666666
7 0.3557291666666666 0.2866666666666667 0.015625 0.05
10 0.5114583333333333 0.4833333333333333 0.1291666666666666 0.1266666666666666
6 0.4598958333333333 0.3091666666666667 0.015625 0.0483333333333333
6 0.4598958333333333 0.31 0.0135416666666666 0.0466666666666666
1 0.6588541666666666 0.5416666666666667 0.1885416666666666 0.29
6 0.6026041666666666 0.4 0.015625 0.04
6 0.6015625 0.4025 0.0114583333333333 0.045
1 0.8671875 0.6608333333333334 0.2614583333333333 0.525
6 0.8958333333333334 0.2383333333333333 0.03125 0.12
6 0.8958333333333334 0.2366666666666667 0.0291666666666666 0.1033333333333333