3 0.0634765625 0.068359375 0.0830078125 0.1298828125
1 0.1884765625 0.5361328125 0.1494140625 0.0986328125
1 0.3017578125 0.5126953125 0.0927734375 0.10546875
1 0.4736328125 0.494140625 0.0419921875 0.0517578125
3 0.572265625 0.0283203125 0.029296875 0.0537109375
6 0.5654296875 0.36328125 0.0146484375 0.046875
6 0.6533203125 0.3583984375 0.0166015625 0.0498046875
6 0.65234375 0.357421875 0.009765625 0.0380859375
6 0.728515625 0.4189453125 0.013671875 0.0478515625
6 0.80078125 0.0751953125 0.029296875 0.09375
1 0.8212890625 0.490234375 0.0517578125 0.04296875
1 0.9208984375 0.486328125 0.103515625 0.056640625