2 0.0182291666666666 0.5491666666666667 0.0260416666666666 0.1283333333333333
2 0.0375 0.5483333333333333 0.0229166666666666 0.0933333333333333
2 0.0385416666666666 0.545 0.0208333333333333 0.08
1 0.1229166666666666 0.5533333333333333 0.0791666666666666 0.1033333333333333
1 0.2817708333333333 0.5291666666666667 0.021875 0.0483333333333333
1 0.434375 0.5208333333333334 0.0541666666666666 0.065
2 0.5125 0.5133333333333334 0.0208333333333333 0.0966666666666666
2 0.5140625 0.5208333333333334 0.0197916666666666 0.115
2 0.5369791666666667 0.5125000000000001 0.015625 0.115
3 0.58125 0.3091666666666667 0.0291666666666666 0.095
2 0.6104166666666666 0.5075000000000001 0.01875 0.1216666666666666
2 0.6114583333333333 0.5033333333333334 0.0166666666666666 0.1033333333333333
2 0.6265625 0.4958333333333333 0.0177083333333333 0.105
2 0.628125 0.5 0.01875 0.11
2 0.6458333333333334 0.4958333333333333 0.0208333333333333 0.1116666666666666
2 0.8385416666666666 0.4941666666666667 0.0270833333333333 0.145
2 0.8447916666666666 0.4891666666666667 0.025 0.145
2 0.8453125 0.4841666666666667 0.0197916666666666 0.1516666666666666
2 0.8463541666666666 0.4758333333333334 0.021875 0.135
2 0.8937499999999999 0.4933333333333333 0.03125 0.1633333333333333
2 0.9197916666666668 0.4908333333333333 0.0291666666666666 0.1483333333333333
2 0.940625 0.4758333333333334 0.0208333333333333 0.1516666666666666
2 0.9838541666666668 0.4775 0.015625 0.1516666666666666
2 0.9890625 0.4708333333333334 0.0197916666666666 0.145