1 0.0541666666666666 0.435 0.08125 0.0633333333333333
1 0.1567708333333333 0.4416666666666667 0.0489583333333333 0.07
1 0.2041666666666666 0.4616666666666666 0.05 0.0633333333333333
1 0.2921875 0.45 0.0489583333333333 0.06
6 0.4260416666666666 0.4316666666666667 0.0125 0.0233333333333333
8 0.4979166666666667 0.405 0.0104166666666666 0.03
1 0.6208333333333333 0.4891666666666667 0.05 0.0516666666666666
1 0.7072916666666667 0.5 0.0395833333333333 0.0466666666666666
1 0.7739583333333333 0.5041666666666667 0.05625 0.0583333333333333
1 0.8791666666666667 0.515 0.04375 0.0433333333333333
1 0.93125 0.555 0.1354166666666666 0.1133333333333333