6 0.060546875 0.388671875 0.0185546875 0.037109375
6 0.1123046875 0.3935546875 0.0185546875 0.033203125
1 0.1708984375 0.486328125 0.044921875 0.0498046875
1 0.197265625 0.494140625 0.052734375 0.0517578125
6 0.1787109375 0.44140625 0.0146484375 0.0302734375
1 0.263671875 0.4873046875 0.0478515625 0.0615234375
1 0.291015625 0.486328125 0.0283203125 0.04296875
1 0.3544921875 0.4970703125 0.064453125 0.0849609375
1 0.4541015625 0.4912109375 0.0478515625 0.0849609375
1 0.5009765625 0.50390625 0.0595703125 0.087890625
1 0.57421875 0.5146484375 0.1123046875 0.0966796875
1 0.6611328125 0.52734375 0.09765625 0.1650390625