1 0.07421875 0.537109375 0.1474609375 0.1318359375
3 0.0634765625 0.068359375 0.083984375 0.1337890625
1 0.208984375 0.5166015625 0.068359375 0.0830078125
1 0.3837890625 0.5029296875 0.107421875 0.0751953125
3 0.572265625 0.02734375 0.029296875 0.0517578125
6 0.5654296875 0.36328125 0.0146484375 0.046875
1 0.634765625 0.4912109375 0.03515625 0.0546875
6 0.6533203125 0.3583984375 0.0166015625 0.0498046875
6 0.65234375 0.357421875 0.009765625 0.0380859375
6 0.728515625 0.4189453125 0.013671875 0.0478515625
6 0.80078125 0.0751953125 0.029296875 0.09375
1 0.8212890625 0.490234375 0.0517578125 0.04296875