1 0.0755208333333333 0.5175000000000001 0.0364583333333333 0.0383333333333333
1 0.1161458333333333 0.4758333333333334 0.0239583333333333 0.035
1 0.1338541666666666 0.5125000000000001 0.0322916666666666 0.0316666666666666
10 0.2239583333333333 0.505 0.1020833333333333 0.18
7 0.2927083333333333 0.44 0.0166666666666666 0.04
1 0.309375 0.4708333333333334 0.0229166666666666 0.025
1 0.3572916666666667 0.4675 0.0270833333333333 0.0216666666666666
1 0.3989583333333333 0.5316666666666667 0.09375 0.14
1 0.4385416666666666 0.46 0.0229166666666666 0.0266666666666666
4 0.4520833333333333 0.3441666666666667 0.0166666666666666 0.0483333333333333
4 0.4515625 0.3466666666666667 0.0135416666666666 0.0466666666666666
1 0.5057291666666667 0.4891666666666667 0.0447916666666666 0.035
4 0.546875 0.4175 0.0125 0.035