1 0.26953125 0.51171875 0.1123046875 0.1103515625
1 0.3642578125 0.5029296875 0.056640625 0.0380859375
1 0.416015625 0.5146484375 0.046875 0.0478515625
6 0.431640625 0.4404296875 0.0205078125 0.0751953125
6 0.435546875 0.4345703125 0.02734375 0.0830078125
1 0.5380859375 0.5029296875 0.060546875 0.04296875
1 0.611328125 0.48828125 0.033203125 0.04296875
7 0.6201171875 0.2255859375 0.0166015625 0.0517578125
6 0.619140625 0.2265625 0.0146484375 0.046875
6 0.6416015625 0.390625 0.015625 0.0380859375
6 0.64453125 0.4013671875 0.015625 0.046875
1 0.6904296875 0.5234375 0.060546875 0.1337890625
6 0.70703125 0.3916015625 0.015625 0.0400390625
6 0.708984375 0.3896484375 0.0146484375 0.0400390625
1 0.8408203125 0.5478515625 0.2470703125 0.287109375
6 0.7431640625 0.2646484375 0.0185546875 0.056640625
6 0.7431640625 0.2607421875 0.0166015625 0.0419921875
6 0.896484375 0.37109375 0.015625 0.0419921875
6 0.9033203125 0.3759765625 0.0185546875 0.0517578125
2 0.9921875 0.5107421875 0.013671875 0.078125