3 0.1588541666666666 0.32 0.0197916666666666 0.0533333333333333
1 0.3010416666666666 0.5258333333333334 0.0625 0.085
1 0.2869791666666667 0.5125000000000001 0.0177083333333333 0.0216666666666666
3 0.3010416666666666 0.3891666666666667 0.0166666666666666 0.0383333333333333
1 0.3979166666666666 0.5408333333333334 0.11875 0.1316666666666666
3 0.3557291666666666 0.3516666666666667 0.0177083333333333 0.04
4 0.3875 0.4166666666666667 0.0104166666666666 0.0233333333333333
4 0.4177083333333333 0.44 0.0145833333333333 0.0333333333333333
1 0.4682291666666666 0.5116666666666667 0.0322916666666666 0.0366666666666666
4 0.4937499999999999 0.4083333333333334 0.01875 0.0366666666666666
1 0.5380208333333333 0.5225000000000001 0.0447916666666666 0.055
10 0.6458333333333334 0.5091666666666667 0.0666666666666666 0.105
10 0.6505208333333333 0.51 0.0760416666666666 0.1033333333333333
4 0.7114583333333333 0.425 0.0125 0.0433333333333333
1 0.8489583333333334 0.5475 0.1166666666666666 0.1216666666666666