1 0.0145833333333333 0.5341666666666667 0.028125 0.1116666666666666
2 0.009375 0.5075000000000001 0.0166666666666666 0.035
1 0.1223958333333333 0.5383333333333333 0.084375 0.0866666666666666
1 0.2208333333333333 0.5291666666666667 0.0895833333333333 0.1116666666666666
1 0.3619791666666667 0.5091666666666667 0.065625 0.105
1 0.4364583333333333 0.5075000000000001 0.05625 0.0683333333333333
3 0.5822916666666667 0.2975 0.0291666666666666 0.0916666666666666
2 0.5895833333333333 0.5 0.01875 0.1266666666666666
2 0.6317708333333333 0.4883333333333333 0.028125 0.13
2 0.6505208333333333 0.4816666666666667 0.0197916666666666 0.1266666666666666
2 0.6765625 0.4833333333333333 0.028125 0.1066666666666666