1 0.1098958333333333 0.5333333333333333 0.0677083333333333 0.0533333333333333
1 0.1979166666666666 0.5466666666666667 0.0291666666666666 0.0466666666666666
1 0.2703125 0.54 0.028125 0.0366666666666666
1 0.3203125 0.5333333333333333 0.021875 0.0233333333333333
1 0.4156249999999999 0.5408333333333334 0.0666666666666666 0.0883333333333333
4 0.3979166666666666 0.4125 0.0125 0.0316666666666666
4 0.3989583333333333 0.4133333333333334 0.0145833333333333 0.0333333333333333
4 0.4510416666666667 0.4066666666666667 0.0125 0.03
4 0.4515625 0.4075 0.0135416666666666 0.0283333333333333
4 0.5255208333333333 0.4691666666666667 0.0135416666666666 0.0383333333333333
4 0.5255208333333333 0.4658333333333334 0.0114583333333333 0.0283333333333333
1 0.6651041666666666 0.5091666666666667 0.0885416666666666 0.055