2 0.9169921875 0.5302734375 0.1064453125 0.1806640625
1 0.107421875 0.498046875 0.07421875 0.0732421875
1 0.1982421875 0.4912109375 0.076171875 0.0615234375
1 0.2568359375 0.4814453125 0.052734375 0.0703125
5 0.267578125 0.2646484375 0.017578125 0.0546875
5 0.267578125 0.2685546875 0.013671875 0.0634765625
4 0.37109375 0.2724609375 0.0244140625 0.05859375
4 0.3701171875 0.2705078125 0.0166015625 0.05859375
1 0.43359375 0.486328125 0.0341796875 0.0498046875
4 0.6494140625 0.3837890625 0.0166015625 0.05859375
4 0.650390625 0.384765625 0.0126953125 0.0537109375
1 0.83203125 0.4658203125 0.068359375 0.044921875