1 0.0401041666666666 0.5083333333333334 0.0791666666666666 0.105
10 0.053125 0.445 0.1052083333333333 0.0566666666666666
10 0.0520833333333333 0.4658333333333334 0.103125 0.0783333333333333
1 0.1052083333333333 0.5083333333333334 0.05625 0.0733333333333333
1 0.1536458333333333 0.4983333333333333 0.040625 0.06
1 0.19375 0.4908333333333333 0.0395833333333333 0.065
1 0.4364583333333333 0.4758333333333334 0.0208333333333333 0.0283333333333333
7 0.459375 0.425 0.01875 0.04
3 0.5302083333333333 0.3791666666666667 0.0166666666666666 0.0383333333333333
8 0.5578125 0.4233333333333333 0.015625 0.02
6 0.5614583333333333 0.43 0.0145833333333333 0.0366666666666666
8 0.6130208333333333 0.3958333333333333 0.0177083333333333 0.0283333333333333
6 0.6166666666666667 0.4 0.0145833333333333 0.0433333333333333