1 0.0364583333333333 0.55625 0.071875 0.1158333333333333
1 0.1927083333333333 0.5441666666666667 0.05 0.0516666666666666
7 0.2713541666666667 0.2866666666666667 0.021875 0.0766666666666666
6 0.271875 0.2766666666666666 0.01875 0.0433333333333333
1 0.3921875 0.5325000000000001 0.034375 0.045
4 0.3895833333333333 0.3033333333333333 0.0166666666666666 0.0366666666666666
4 0.3927083333333333 0.2866666666666667 0.01875 0.06
1 0.4885416666666666 0.54 0.0270833333333333 0.0566666666666666
4 0.496875 0.305 0.0291666666666666 0.0733333333333333
4 0.4947916666666667 0.3183333333333333 0.01875 0.04
1 0.5854166666666667 0.5325000000000001 0.0229166666666666 0.0583333333333333
1 0.6494791666666666 0.54 0.0677083333333333 0.0666666666666666
1 0.7005208333333334 0.4208333333333333 0.0197916666666666 0.0716666666666666
4 0.7010416666666667 0.4375 0.0208333333333333 0.035