3 0.0713541666666666 0.085 0.109375 0.1566666666666666
1 0.0833333333333333 0.5175000000000001 0.0541666666666666 0.045
1 0.2859375 0.5075000000000001 0.0947916666666666 0.0816666666666666
1 0.3979166666666666 0.4958333333333333 0.0354166666666666 0.0516666666666666
1 0.4427083333333333 0.495 0.0333333333333333 0.0633333333333333
3 0.5703125 0.0283333333333333 0.0260416666666666 0.0566666666666666
3 0.565625 0.3608333333333333 0.0125 0.0516666666666666
6 0.6526041666666667 0.355 0.015625 0.04
6 0.7260416666666667 0.41 0.0145833333333333 0.0433333333333333
6 0.8015625 0.0733333333333333 0.0239583333333333 0.09
2 0.8630208333333333 0.4766666666666667 0.0239583333333333 0.07
2 0.8697916666666666 0.4816666666666667 0.0229166666666666 0.0533333333333333
0 0.9640625 0.4925 0.0322916666666666 0.1016666666666666
2 0.9911458333333332 0.4816666666666667 0.0114583333333333 0.0833333333333333