3 0.0625 0.0693359375 0.087890625 0.134765625
1 0.2119140625 0.521484375 0.130859375 0.126953125
1 0.474609375 0.4951171875 0.02734375 0.037109375
1 0.525390625 0.4990234375 0.111328125 0.0517578125
3 0.572265625 0.02734375 0.029296875 0.0517578125
6 0.5654296875 0.36328125 0.0146484375 0.046875
1 0.5908203125 0.4970703125 0.037109375 0.0498046875
6 0.6533203125 0.3583984375 0.0166015625 0.0498046875
6 0.65234375 0.357421875 0.009765625 0.0380859375
6 0.728515625 0.4189453125 0.013671875 0.0478515625
6 0.80078125 0.0751953125 0.029296875 0.09375
1 0.9375 0.4853515625 0.08984375 0.068359375