1 0.0869791666666666 0.5591666666666667 0.1302083333333333 0.1716666666666667
1 0.146875 0.5283333333333333 0.1125 0.14
1 0.2046875 0.5133333333333334 0.090625 0.1133333333333333
1 0.2895833333333333 0.5091666666666667 0.0833333333333333 0.0683333333333333
2 0.3307291666666667 0.555 0.0760416666666666 0.2866666666666667
2 0.3546875 0.5033333333333334 0.021875 0.12
2 0.3557291666666666 0.4966666666666667 0.0177083333333333 0.1066666666666666
2 0.375 0.5091666666666667 0.0145833333333333 0.0983333333333333
2 0.3760416666666666 0.5016666666666667 0.0145833333333333 0.1
10 0.44375 0.4783333333333334 0.0479166666666666 0.11
10 0.4416666666666666 0.4816666666666667 0.04375 0.1
1 0.4979166666666667 0.515 0.0395833333333333 0.05
10 0.5057291666666667 0.4566666666666667 0.053125 0.09
10 0.5041666666666667 0.475 0.05 0.1166666666666666
2 0.7432291666666666 0.4966666666666667 0.028125 0.1333333333333333
2 0.74375 0.5058333333333334 0.0208333333333333 0.125
2 0.7609375 0.5016666666666667 0.028125 0.1166666666666666
2 0.8994791666666666 0.6533333333333333 0.1510416666666666 0.5633333333333334