2 0.53125 0.4933333333333333 0.00625 0.0283333333333333
1 0.0614583333333333 0.5083333333333334 0.04375 0.04
1 0.1052083333333333 0.5091666666666667 0.05625 0.0516666666666666
1 0.3213541666666666 0.5025000000000001 0.0364583333333333 0.045
3 0.3182291666666667 0.3366666666666666 0.0239583333333333 0.04
4 0.390625 0.3408333333333334 0.01875 0.055
4 0.3911458333333333 0.35 0.015625 0.03
4 0.4447916666666666 0.3683333333333333 0.0145833333333333 0.0266666666666666
4 0.4458333333333333 0.3575 0.0125 0.045
4 0.5604166666666667 0.4266666666666667 0.01875 0.04
4 0.5583333333333333 0.4333333333333333 0.0104166666666666 0.03
4 0.575 0.4008333333333334 0.01875 0.045
4 0.5802083333333333 0.4066666666666667 0.0125 0.0233333333333333
1 0.69375 0.4766666666666667 0.1125 0.0733333333333333