7 0.1140625 0.4316666666666667 0.0135416666666666 0.0366666666666666
1 0.1973958333333333 0.54 0.0927083333333333 0.1233333333333333
4 0.2020833333333333 0.4416666666666667 0.0125 0.0366666666666666
4 0.2052083333333333 0.4416666666666667 0.01875 0.0333333333333333
4 0.2755208333333333 0.4783333333333334 0.015625 0.04
4 0.2744791666666666 0.4825 0.0135416666666666 0.0316666666666666
10 0.3359375 0.4858333333333333 0.0885416666666666 0.1683333333333333
1 0.3807291666666667 0.5591666666666667 0.0947916666666666 0.115
1 0.8135416666666666 0.5108333333333334 0.08125 0.085
2 0.85625 0.5025000000000001 0.05 0.1783333333333333
2 0.8619791666666666 0.5058333333333334 0.034375 0.1816666666666666