1 0.0489583333333333 0.5533333333333333 0.0645833333333333 0.06
1 0.0953125 0.55 0.053125 0.0633333333333333
1 0.2859375 0.5308333333333334 0.0635416666666666 0.0583333333333333
7 0.3703125 0.4441666666666667 0.0177083333333333 0.035
7 0.3692708333333333 0.4475 0.0135416666666666 0.035
1 0.4260416666666666 0.5308333333333334 0.0375 0.085
6 0.4515625 0.4033333333333334 0.015625 0.04
6 0.4515625 0.4016666666666666 0.0114583333333333 0.03
6 0.484375 0.4541666666666667 0.0166666666666666 0.0383333333333333
6 0.4828125 0.4558333333333333 0.0114583333333333 0.035
6 0.5447916666666667 0.42 0.0166666666666666 0.0566666666666666
6 0.5447916666666667 0.4158333333333333 0.0145833333333333 0.045
1 0.7364583333333333 0.5033333333333334 0.1208333333333333 0.0966666666666666
1 0.90625 0.4791666666666667 0.1833333333333333 0.1283333333333333