1 0.3666666666666666 0.5091666666666667 0.0666666666666666 0.065
1 0.4208333333333333 0.4891666666666667 0.0291666666666666 0.045
10 0.5328125 0.4783333333333334 0.034375 0.0733333333333333
3 0.5703125 0.0283333333333333 0.0260416666666666 0.0566666666666666
3 0.5666666666666667 0.3608333333333333 0.0125 0.0516666666666666
1 0.6666666666666666 0.4833333333333333 0.1020833333333333 0.0633333333333333
6 0.653125 0.355 0.0145833333333333 0.04
6 0.7265625 0.4033333333333334 0.015625 0.0433333333333333
6 0.7296875 0.4083333333333334 0.0135416666666666 0.0266666666666666
6 0.8015625 0.07 0.0239583333333333 0.09
2 0.8333333333333334 0.4825 0.03125 0.0883333333333333
2 0.8369791666666666 0.4816666666666667 0.0239583333333333 0.0566666666666666
0 0.9692708333333332 0.4925 0.028125 0.1016666666666666
2 0.9755208333333332 0.4775 0.0302083333333333 0.155
2 0.9911458333333332 0.4816666666666667 0.0114583333333333 0.0833333333333333