6 0.0604166666666666 0.4525 0.0208333333333333 0.0416666666666666
7 0.0625 0.4658333333333334 0.0166666666666666 0.0483333333333333
1 0.1265625 0.5241666666666667 0.034375 0.045
1 0.1890625 0.515 0.021875 0.0433333333333333
7 0.2145833333333333 0.3725 0.01875 0.055
1 0.2666666666666666 0.51 0.0354166666666666 0.09
4 0.2859375 0.3658333333333333 0.0177083333333333 0.045
3 0.5895833333333333 0.3833333333333333 0.0333333333333333 0.06
3 0.5890625 0.3758333333333333 0.0260416666666666 0.085
1 0.6072916666666667 0.4816666666666667 0.04375 0.0633333333333333
2 0.671875 0.4791666666666667 0.0333333333333333 0.055
1 0.9385416666666666 0.6683333333333333 0.1208333333333333 0.31