1 0.1510416666666666 0.5158333333333334 0.0270833333333333 0.0516666666666666
1 0.2979166666666666 0.5341666666666667 0.13125 0.1383333333333333
3 0.2421875 0.3158333333333333 0.0177083333333333 0.0483333333333333
4 0.3390625 0.2991666666666667 0.0197916666666666 0.0483333333333333
4 0.3390625 0.3008333333333333 0.0197916666666666 0.0483333333333333
4 0.4145833333333333 0.3033333333333333 0.0125 0.0566666666666666
1 0.4989583333333333 0.4991666666666667 0.0604166666666666 0.0783333333333333
4 0.6098958333333333 0.3975 0.0197916666666666 0.0416666666666666
4 0.66875 0.335 0.0291666666666666 0.0733333333333333
1 0.7307291666666667 0.4966666666666667 0.0885416666666666 0.0566666666666666
1 0.8822916666666667 0.4833333333333333 0.0833333333333333 0.0833333333333333