1 0.1072916666666666 0.5791666666666667 0.2135416666666666 0.2183333333333333
7 0.3322916666666666 0.4233333333333333 0.0145833333333333 0.03
7 0.3338541666666667 0.4316666666666667 0.0177083333333333 0.04
4 0.3401041666666666 0.395 0.015625 0.0366666666666666
4 0.3421875 0.3883333333333333 0.0177083333333333 0.04
1 0.3895833333333333 0.5075000000000001 0.0354166666666666 0.0483333333333333
4 0.4447916666666666 0.3666666666666667 0.0166666666666666 0.0366666666666666
4 0.44375 0.37 0.0145833333333333 0.0366666666666666
4 0.5239583333333333 0.4333333333333333 0.0166666666666666 0.0433333333333333
4 0.5223958333333333 0.435 0.0114583333333333 0.03
4 0.5583333333333333 0.3883333333333333 0.01875 0.0533333333333333
4 0.5567708333333333 0.395 0.0114583333333333 0.0333333333333333