2 0.0802083333333333 0.5375000000000001 0.0177083333333333 0.0833333333333333
0 0.0588541666666666 0.5408333333333334 0.034375 0.0883333333333333
7 0.0541666666666666 0.435 0.0270833333333333 0.06
7 0.05625 0.4358333333333333 0.0166666666666666 0.0483333333333333
2 0.1572916666666666 0.53 0.0166666666666666 0.0733333333333333
2 0.1614583333333333 0.5216666666666667 0.0166666666666666 0.0766666666666666
2 0.1817708333333333 0.525 0.0197916666666666 0.0766666666666666
2 0.2010416666666666 0.5241666666666667 0.0208333333333333 0.0683333333333333
2 0.2192708333333333 0.5191666666666667 0.0197916666666666 0.0783333333333333
1 0.2421875 0.5333333333333333 0.059375 0.04
2 0.2484375 0.5208333333333334 0.0177083333333333 0.0683333333333333
2 0.2734375 0.5175000000000001 0.0177083333333333 0.0616666666666666
2 0.2828125 0.5241666666666667 0.0239583333333333 0.0816666666666666
2 0.2848958333333333 0.5133333333333334 0.0239583333333333 0.0733333333333333
1 0.3291666666666666 0.4808333333333334 0.0979166666666666 0.1483333333333333
10 0.33125 0.4625 0.1 0.1083333333333333
2 0.3005208333333333 0.52 0.0177083333333333 0.0733333333333333
2 0.2994791666666667 0.5216666666666667 0.0114583333333333 0.0666666666666666
7 0.4489583333333333 0.32 0.0208333333333333 0.0533333333333333
6 0.5203125 0.3241666666666667 0.021875 0.0683333333333333
1 0.6520833333333333 0.5233333333333333 0.10625 0.0833333333333333
6 0.6567708333333333 0.4075 0.0197916666666666 0.0616666666666666