1 0.0385416666666666 0.5216666666666667 0.075 0.18
1 0.09375 0.5800000000000001 0.1270833333333333 0.1733333333333333
10 0.1010416666666666 0.475 0.0958333333333333 0.0733333333333333
3 0.3166666666666666 0.3283333333333333 0.01875 0.0566666666666666
6 0.4140625 0.3258333333333333 0.0197916666666666 0.0483333333333333
1 0.4838541666666666 0.5208333333333334 0.0239583333333333 0.0316666666666666
6 0.4921875 0.3275 0.0197916666666666 0.0583333333333333
1 0.6375 0.5433333333333333 0.0458333333333333 0.1166666666666666
6 0.6791666666666667 0.4175 0.0166666666666666 0.0483333333333333
10 0.9286458333333332 0.4766666666666667 0.1302083333333333 0.13
6 0.9296875 0.2558333333333333 0.053125 0.1583333333333333
2 0.9479166666666666 0.5125000000000001 0.0270833333333333 0.055