1 0.9604166666666668 0.4870833333333333 0.0666666666666666 0.0941666666666666
1 0.1994791666666666 0.535 0.0760416666666666 0.1033333333333333
1 0.2567708333333333 0.5391666666666667 0.0552083333333333 0.0683333333333333
6 0.2895833333333333 0.4416666666666667 0.0145833333333333 0.0333333333333333
6 0.3270833333333333 0.4216666666666667 0.0166666666666666 0.0433333333333333
1 0.39375 0.5433333333333333 0.0708333333333333 0.0933333333333333
4 0.3791666666666666 0.4016666666666666 0.01875 0.04
4 0.3791666666666666 0.3966666666666666 0.0166666666666666 0.0466666666666666
1 0.5270833333333333 0.5166666666666667 0.0645833333333333 0.0533333333333333
2 0.853125 0.5075000000000001 0.03125 0.1283333333333333
2 0.8541666666666666 0.4925 0.025 0.075