3 0.060546875 0.072265625 0.1005859375 0.14453125
1 0.0634765625 0.5322265625 0.068359375 0.10546875
1 0.1142578125 0.5068359375 0.0478515625 0.04296875
1 0.4736328125 0.5078125 0.0341796875 0.0478515625
6 0.564453125 0.3642578125 0.0166015625 0.0478515625
3 0.5712890625 0.0263671875 0.029296875 0.052734375
6 0.6513671875 0.3603515625 0.013671875 0.0517578125
6 0.728515625 0.412109375 0.0185546875 0.0546875
6 0.80078125 0.0810546875 0.029296875 0.115234375
1 0.8193359375 0.48828125 0.0625 0.0400390625
1 0.8623046875 0.4892578125 0.072265625 0.0546875
1 0.91796875 0.4853515625 0.0830078125 0.0634765625