1 0.1625 0.5258333333333334 0.06875 0.085
7 0.2083333333333333 0.3925 0.0229166666666666 0.0483333333333333
7 0.2109375 0.4 0.0177083333333333 0.06
4 0.2255208333333333 0.3325 0.0260416666666666 0.065
4 0.225 0.3466666666666667 0.01875 0.0366666666666666
1 0.340625 0.5266666666666667 0.04375 0.05
4 0.4078124999999999 0.3058333333333333 0.021875 0.0483333333333333
4 0.4098958333333333 0.2941666666666667 0.0239583333333333 0.065
4 0.546875 0.4066666666666667 0.0145833333333333 0.0433333333333333
4 0.5510416666666667 0.4033333333333334 0.0166666666666666 0.0433333333333333
6 0.6734375 0.4325 0.0260416666666666 0.0383333333333333
1 0.8505208333333333 0.5241666666666667 0.1947916666666666 0.125