1 0.10546875 0.5595703125 0.125 0.1748046875
1 0.2138671875 0.5380859375 0.0498046875 0.08984375
1 0.2705078125 0.52734375 0.0556640625 0.078125
1 0.3076171875 0.521484375 0.044921875 0.0703125
1 0.3681640625 0.525390625 0.0380859375 0.05859375
6 0.3837890625 0.4130859375 0.0087890625 0.0234375
1 0.423828125 0.51953125 0.048828125 0.0634765625
1 0.5625 0.5087890625 0.0537109375 0.087890625
1 0.5810546875 0.525390625 0.0224609375 0.0654296875
6 0.5830078125 0.4345703125 0.015625 0.0380859375
1 0.6396484375 0.5341796875 0.08984375 0.091796875
1 0.8564453125 0.568359375 0.2431640625 0.2099609375