10 0.065625 0.555 0.13125 0.0866666666666666
1 0.065625 0.5591666666666667 0.13125 0.0883333333333333
2 0.0510416666666666 0.5775 0.0229166666666666 0.0716666666666666
10 0.1385416666666666 0.5475 0.0708333333333333 0.0816666666666666
3 0.1354166666666666 0.4316666666666667 0.0208333333333333 0.0666666666666666
10 0.2 0.5458333333333334 0.0625 0.0383333333333333
1 0.2 0.5716666666666667 0.0604166666666666 0.0533333333333333
1 0.3364583333333333 0.5650000000000001 0.0354166666666666 0.0633333333333333
1 0.515625 0.5691666666666667 0.0583333333333333 0.0683333333333333
3 0.5927083333333333 0.3975 0.0270833333333333 0.0816666666666666
6 0.8192708333333333 0.4466666666666667 0.0239583333333333 0.04
1 0.9755208333333332 0.5766666666666667 0.046875 0.1266666666666666