1 0.0125 0.5308333333333334 0.025 0.085
1 0.1390625 0.56 0.065625 0.11
1 0.2916666666666667 0.5566666666666668 0.2666666666666666 0.1733333333333333
2 0.5208333333333334 0.5408333333333334 0.04375 0.1583333333333333
2 0.5223958333333333 0.5458333333333334 0.034375 0.165
2 0.5958333333333333 0.5641666666666667 0.05625 0.3083333333333333
2 0.5963541666666666 0.5666666666666667 0.053125 0.3233333333333333
2 0.6244791666666667 0.5633333333333334 0.034375 0.2733333333333334
2 0.6255208333333333 0.56 0.0322916666666666 0.26
2 0.6895833333333333 0.4908333333333333 0.04375 0.2016666666666667
2 0.6947916666666667 0.495 0.0458333333333333 0.2