10 0.0609375 0.5183333333333333 0.121875 0.0633333333333333
2 0.0526041666666666 0.5566666666666668 0.0260416666666666 0.09
2 0.0536458333333333 0.5516666666666667 0.021875 0.0833333333333333
6 0.3520833333333333 0.1841666666666666 0.0354166666666666 0.085
6 0.6036458333333333 0.3491666666666667 0.028125 0.0883333333333333
6 0.6057291666666667 0.3483333333333333 0.0177083333333333 0.0733333333333333
1 0.6651041666666666 0.5266666666666667 0.084375 0.0666666666666666
2 0.6833333333333333 0.5341666666666667 0.0375 0.145
2 0.7369791666666666 0.535 0.0239583333333333 0.1466666666666666
2 0.76875 0.5383333333333333 0.0375 0.15
2 0.825 0.5333333333333333 0.0333333333333333 0.1666666666666666
2 0.8307291666666666 0.5333333333333333 0.040625 0.1666666666666666
2 0.9 0.5258333333333334 0.0625 0.2116666666666666