2 0.0083333333333333 0.5625 0.0166666666666666 0.0716666666666666
2 0.0088541666666666 0.5625 0.0177083333333333 0.0716666666666666
2 0.0197916666666666 0.54 0.0166666666666666 0.06
2 0.046875 0.5391666666666667 0.01875 0.0683333333333333
2 0.0510416666666666 0.5416666666666667 0.0145833333333333 0.0733333333333333
2 0.05625 0.5433333333333333 0.0166666666666666 0.0833333333333333
2 0.0723958333333333 0.5341666666666667 0.015625 0.0783333333333333
6 0.165625 0.4008333333333334 0.0145833333333333 0.0383333333333333
1 0.4171875 0.5358333333333334 0.1177083333333333 0.115
2 0.3822916666666666 0.4775 0.0416666666666666 0.1083333333333333
2 0.4364583333333333 0.5341666666666667 0.0645833333333333 0.1916666666666666
6 0.503125 0.375 0.0166666666666666 0.0566666666666666
2 0.6286458333333333 0.5166666666666667 0.021875 0.0633333333333333
2 0.6302083333333334 0.5291666666666667 0.0229166666666666 0.085
2 0.8536458333333333 0.4766666666666667 0.034375 0.0566666666666666
2 0.8520833333333333 0.48 0.0229166666666666 0.0666666666666666