1 0.0276041666666666 0.56 0.0552083333333333 0.0733333333333333
1 0.0786458333333333 0.55 0.053125 0.0633333333333333
1 0.3604166666666666 0.5508333333333334 0.1083333333333333 0.155
7 0.3703125 0.4475 0.0177083333333333 0.0416666666666666
7 0.3677083333333333 0.4466666666666667 0.0125 0.0366666666666666
6 0.4557291666666667 0.4033333333333334 0.015625 0.04
6 0.4557291666666667 0.4033333333333334 0.0114583333333333 0.03
6 0.4895833333333333 0.4541666666666667 0.0166666666666666 0.0383333333333333
6 0.4880208333333333 0.4558333333333333 0.0114583333333333 0.035
6 0.5572916666666666 0.42 0.0166666666666666 0.0566666666666666
6 0.5572916666666666 0.4141666666666667 0.0145833333333333 0.045
1 0.771875 0.5058333333333334 0.15 0.1016666666666666
1 0.9322916666666666 0.4841666666666667 0.1333333333333333 0.1283333333333333
1 0.9453125 0.4991666666666667 0.1052083333333333 0.125