1 0.0359375 0.5391666666666667 0.071875 0.0716666666666666
10 0.0453125 0.5375000000000001 0.0864583333333333 0.085
10 0.1072916666666666 0.5308333333333334 0.0666666666666666 0.085
1 0.2609375 0.5566666666666668 0.0677083333333333 0.13
3 0.3166666666666666 0.3416666666666667 0.0208333333333333 0.05
3 0.4140625 0.3275 0.0260416666666666 0.0583333333333333
3 0.4156249999999999 0.3391666666666666 0.0166666666666666 0.055
1 0.4494791666666666 0.5366666666666667 0.053125 0.18
1 0.4817708333333333 0.5116666666666667 0.009375 0.03
3 0.4927083333333333 0.3316666666666666 0.0270833333333333 0.0733333333333333
3 0.4927083333333333 0.3316666666666666 0.0166666666666666 0.0466666666666666
1 0.6286458333333333 0.5541666666666667 0.0697916666666666 0.1216666666666666
1 0.7869791666666667 0.6183333333333334 0.3510416666666666 0.3466666666666667
3 0.6796875 0.435 0.0197916666666666 0.0566666666666666
1 0.9421875 0.52 0.0802083333333333 0.06
3 0.9390625 0.26 0.046875 0.14