1 0.23046875 0.5693359375 0.154296875 0.1953125
5 0.3447265625 0.3466796875 0.0166015625 0.04296875
5 0.40625 0.390625 0.02734375 0.078125
4 0.4072265625 0.3876953125 0.015625 0.044921875
1 0.4423828125 0.51953125 0.015625 0.056640625
1 0.4658203125 0.5341796875 0.0205078125 0.0751953125
1 0.552734375 0.529296875 0.0283203125 0.0712890625
4 0.556640625 0.3203125 0.0166015625 0.0498046875
1 0.7841796875 0.6123046875 0.357421875 0.341796875
4 0.76953125 0.4423828125 0.021484375 0.068359375
4 0.7705078125 0.4501953125 0.01171875 0.037109375