1 0.0833333333333333 0.5750000000000001 0.1666666666666666 0.3233333333333333
10 0.28125 0.4433333333333333 0.1270833333333333 0.17
1 0.3645833333333333 0.4716666666666667 0.0604166666666666 0.0766666666666666
6 0.3510416666666666 0.4 0.01875 0.0333333333333333
6 0.3520833333333333 0.4016666666666666 0.0145833333333333 0.0266666666666666
6 0.378125 0.3916666666666667 0.0145833333333333 0.0266666666666666
6 0.38125 0.4025 0.0125 0.0283333333333333
1 0.4208333333333333 0.475 0.0354166666666666 0.0533333333333333
6 0.421875 0.3916666666666667 0.0145833333333333 0.03
6 0.421875 0.3958333333333333 0.0145833333333333 0.0283333333333333
6 0.4510416666666667 0.3883333333333333 0.0145833333333333 0.0366666666666666
6 0.4546874999999999 0.3983333333333334 0.0135416666666666 0.03
1 0.5145833333333333 0.465 0.0541666666666666 0.05
6 0.5145833333333333 0.4216666666666667 0.0125 0.0266666666666666