7 0.346875 0.41 0.0208333333333333 0.04
7 0.346875 0.4316666666666667 0.01875 0.07
1 0.4109375 0.5941666666666667 0.096875 0.2416666666666666
6 0.4760416666666666 0.3525 0.025 0.0616666666666666
6 0.4744791666666667 0.3533333333333333 0.015625 0.0466666666666666
1 0.5104166666666666 0.5366666666666667 0.03125 0.04
6 0.5255208333333333 0.4316666666666667 0.0177083333333333 0.0533333333333333
6 0.7057291666666666 0.3108333333333333 0.0322916666666666 0.1083333333333333
2 0.7151041666666667 0.5291666666666667 0.0114583333333333 0.0716666666666666
2 0.7557291666666667 0.5275000000000001 0.0302083333333333 0.0816666666666666
2 0.7515625 0.5283333333333333 0.0177083333333333 0.0633333333333333
1 0.9265625 0.5508333333333334 0.065625 0.085