2 0.1005208333333333 0.5625 0.2 0.785
3 0.0635416666666666 0.0683333333333333 0.08125 0.13
1 0.234375 0.5275000000000001 0.1270833333333333 0.1016666666666666
1 0.3203125 0.5208333333333334 0.0927083333333333 0.105
1 0.5515625 0.4991666666666667 0.1156249999999999 0.065
3 0.5723958333333333 0.0283333333333333 0.028125 0.0533333333333333
6 0.565625 0.3633333333333333 0.0145833333333333 0.0433333333333333
6 0.653125 0.3583333333333333 0.0166666666666666 0.05
6 0.6526041666666667 0.3575 0.009375 0.0383333333333333
6 0.7286458333333333 0.4191666666666667 0.0135416666666666 0.0483333333333333
6 0.8010416666666667 0.0758333333333333 0.0291666666666666 0.0916666666666666
1 0.9213541666666668 0.4866666666666667 0.103125 0.0566666666666666