1 0.068359375 0.4853515625 0.08984375 0.06640625
6 0.2021484375 0.421875 0.0126953125 0.0302734375
7 0.203125 0.431640625 0.0126953125 0.046875
1 0.345703125 0.494140625 0.0517578125 0.08203125
7 0.384765625 0.3505859375 0.0185546875 0.0517578125
6 0.3896484375 0.3466796875 0.0146484375 0.033203125
1 0.4296875 0.4853515625 0.044921875 0.05859375
4 0.451171875 0.361328125 0.01953125 0.0400390625
4 0.4521484375 0.3681640625 0.0146484375 0.0263671875
4 0.55859375 0.43359375 0.0146484375 0.0234375
4 0.568359375 0.423828125 0.0224609375 0.0517578125
1 0.662109375 0.5380859375 0.1357421875 0.1669921875
4 0.6181640625 0.408203125 0.0126953125 0.0263671875
4 0.62109375 0.400390625 0.0146484375 0.046875