1 0.0755208333333333 0.4866666666666667 0.1510416666666666 0.3433333333333334
10 0.1744791666666666 0.4133333333333334 0.2239583333333333 0.27
6 0.34375 0.3916666666666667 0.01875 0.0333333333333333
6 0.3447916666666666 0.3966666666666666 0.0145833333333333 0.0266666666666666
1 0.3645833333333333 0.5 0.0208333333333333 0.06
6 0.38125 0.3866666666666667 0.0145833333333333 0.0266666666666666
6 0.3802083333333333 0.3925 0.0125 0.0283333333333333
1 0.4119791666666667 0.4975 0.0552083333333333 0.0716666666666666
6 0.4322916666666667 0.3833333333333333 0.0145833333333333 0.03
6 0.4333333333333333 0.3891666666666667 0.0145833333333333 0.0283333333333333
6 0.4682291666666666 0.3841666666666667 0.0197916666666666 0.035
6 0.4692708333333333 0.39 0.0135416666666666 0.03
6 0.5489583333333333 0.4233333333333333 0.0125 0.0266666666666666
6 0.6864583333333333 0.38 0.0229166666666666 0.0366666666666666
1 0.8072916666666666 0.4733333333333334 0.08125 0.07