1 0.1474609375 0.521484375 0.0244140625 0.0400390625
1 0.291015625 0.5263671875 0.0791015625 0.0703125
1 0.2685546875 0.5205078125 0.02734375 0.044921875
7 0.32421875 0.3623046875 0.017578125 0.03515625
7 0.326171875 0.3720703125 0.0166015625 0.0419921875
1 0.3701171875 0.533203125 0.064453125 0.0732421875
6 0.3994140625 0.373046875 0.015625 0.04296875
6 0.40234375 0.3720703125 0.0166015625 0.0380859375
1 0.478515625 0.517578125 0.060546875 0.0947265625
6 0.46484375 0.390625 0.0146484375 0.0380859375
6 0.46484375 0.3896484375 0.015625 0.033203125
6 0.544921875 0.4453125 0.0185546875 0.046875
3 0.544921875 0.4443359375 0.013671875 0.03515625
1 0.609375 0.5087890625 0.1064453125 0.10546875
1 0.732421875 0.5537109375 0.150390625 0.1396484375
6 0.7666015625 0.3896484375 0.0205078125 0.0517578125
6 0.76953125 0.3916015625 0.025390625 0.080078125