1 0.2026041666666666 0.4958333333333333 0.046875 0.045
1 0.3067708333333333 0.4891666666666667 0.0447916666666666 0.0516666666666666
5 0.3552083333333333 0.3566666666666667 0.0145833333333333 0.0466666666666666
5 0.35625 0.3575 0.0145833333333333 0.0483333333333333
1 0.3817708333333333 0.4983333333333333 0.0427083333333333 0.0533333333333333
4 0.4182291666666666 0.3625 0.0177083333333333 0.0416666666666666
4 0.4177083333333333 0.36 0.0125 0.0433333333333333
1 0.4463541666666666 0.49 0.0302083333333333 0.0433333333333333
4 0.5885416666666666 0.4316666666666667 0.0145833333333333 0.0333333333333333
4 0.5890625 0.43 0.0135416666666666 0.04
2 0.6520833333333333 0.5041666666666667 0.0270833333333333 0.0716666666666666
4 0.6765625 0.3758333333333333 0.021875 0.065
4 0.6770833333333334 0.3783333333333333 0.0229166666666666 0.0566666666666666