6 0.0614583333333333 0.4491666666666667 0.0208333333333333 0.0416666666666666
7 0.0635416666666666 0.4641666666666666 0.0166666666666666 0.0483333333333333
1 0.1265625 0.5225000000000001 0.034375 0.045
1 0.171875 0.5208333333333334 0.0354166666666666 0.0416666666666666
1 0.2208333333333333 0.5116666666666667 0.0458333333333333 0.0533333333333333
7 0.2145833333333333 0.3708333333333333 0.01875 0.055
1 0.2661458333333333 0.5083333333333334 0.040625 0.09
3 0.5875 0.375 0.0333333333333333 0.06
2 0.7171875 0.495 0.0447916666666666 0.0966666666666666
2 0.7135416666666666 0.5066666666666667 0.0354166666666666 0.11
1 0.9375 0.6683333333333333 0.1229166666666666 0.31