1 0.9153645833333334 0.4995833333333334 0.1505208333333333 0.1308333333333333
1 0.1377604166666666 0.5195833333333334 0.0963541666666666 0.0991666666666666
6 0.1697916666666666 0.41 0.01875 0.05
4 0.2156249999999999 0.42 0.01875 0.0366666666666666
4 0.2770833333333333 0.4616666666666666 0.0145833333333333 0.04
1 0.3369791666666666 0.4908333333333333 0.0364583333333333 0.065
1 0.3645833333333333 0.4916666666666667 0.0354166666666666 0.05
4 0.4572916666666666 0.4441666666666667 0.01875 0.0383333333333333
4 0.4578125 0.4491666666666667 0.0114583333333333 0.0283333333333333
1 0.5119791666666667 0.4933333333333333 0.0572916666666666 0.08
1 0.5890625 0.5225000000000001 0.0427083333333333 0.105
1 0.6484375 0.5416666666666667 0.103125 0.1366666666666667
1 0.7635416666666667 0.49 0.1208333333333333 0.14