1 0.0576171875 0.537109375 0.017578125 0.0234375
1 0.1044921875 0.5576171875 0.064453125 0.0712890625
1 0.224609375 0.5087890625 0.017578125 0.0234375
3 0.2587890625 0.404296875 0.017578125 0.044921875
7 0.259765625 0.40234375 0.013671875 0.0380859375
1 0.314453125 0.5361328125 0.01953125 0.05859375
10 0.341796875 0.521484375 0.052734375 0.1064453125
4 0.337890625 0.39453125 0.0126953125 0.0419921875
4 0.3994140625 0.3935546875 0.0126953125 0.0400390625
4 0.6181640625 0.4072265625 0.017578125 0.05859375
1 0.7021484375 0.533203125 0.0888671875 0.0634765625