1 0.2078124999999999 0.5383333333333333 0.090625 0.09
1 0.3447916666666666 0.5725 0.19375 0.295
6 0.4348958333333333 0.4725 0.0135416666666666 0.035
1 0.4953125 0.5191666666666667 0.021875 0.0216666666666666
4 0.5661458333333333 0.375 0.0135416666666666 0.0433333333333333
4 0.5708333333333333 0.3866666666666667 0.0104166666666666 0.0366666666666666
1 0.6052083333333333 0.5183333333333333 0.0229166666666666 0.0366666666666666
4 0.6583333333333333 0.4483333333333333 0.0145833333333333 0.0366666666666666
4 0.6588541666666666 0.4683333333333334 0.0114583333333333 0.0333333333333333
4 0.8786458333333333 0.3866666666666667 0.015625 0.0466666666666666
4 0.8776041666666666 0.4041666666666667 0.0114583333333333 0.0483333333333333
1 0.9416666666666668 0.4975 0.1104166666666666 0.0683333333333333