1 0.0434895833333333 0.6112500000000001 0.0859375 0.2875
1 0.2911458333333333 0.5 0.028125 0.0566666666666666
2 0.5104166666666666 0.5108333333333334 0.0166666666666666 0.085
2 0.5140625 0.5141666666666667 0.015625 0.0783333333333333
2 0.5307291666666667 0.5158333333333334 0.0197916666666666 0.0783333333333333
2 0.5348958333333333 0.5066666666666667 0.015625 0.0733333333333333
2 0.5973958333333333 0.5075000000000001 0.021875 0.0683333333333333
2 0.615625 0.505 0.0145833333333333 0.09
2 0.6359375 0.5033333333333334 0.0114583333333333 0.0866666666666666
2 0.6546875 0.5033333333333334 0.0135416666666666 0.0833333333333333
2 0.7885416666666667 0.5225000000000001 0.0395833333333333 0.095