2 0.8190104166666666 0.4858333333333333 0.0078125 0.05
3 0.0713541666666666 0.085 0.109375 0.1566666666666666
1 0.3421875 0.5108333333333334 0.078125 0.075
1 0.4291666666666666 0.4925 0.05625 0.0583333333333333
3 0.5703125 0.0291666666666666 0.0260416666666666 0.0566666666666666
3 0.5661458333333333 0.3608333333333333 0.0135416666666666 0.0516666666666666
3 0.6526041666666667 0.355 0.015625 0.04
4 0.7255208333333333 0.4116666666666667 0.015625 0.0466666666666666
0 0.734375 0.4833333333333333 0.0208333333333333 0.0666666666666666
3 0.8005208333333333 0.0741666666666666 0.0260416666666666 0.0916666666666666
1 0.9041666666666668 0.5008333333333334 0.1729166666666666 0.215