6 0.0822916666666666 0.0783333333333333 0.1645833333333333 0.1566666666666666
1 0.0875 0.5258333333333334 0.0375 0.0516666666666666
1 0.1708333333333333 0.5033333333333334 0.1020833333333333 0.0633333333333333
1 0.3473958333333333 0.5158333333333334 0.071875 0.075
1 0.425 0.5016666666666667 0.0354166666666666 0.04
1 0.4734375 0.4958333333333333 0.0322916666666666 0.0416666666666666
1 0.5270833333333333 0.4866666666666667 0.0208333333333333 0.04
3 0.5682291666666667 0.3608333333333333 0.0239583333333333 0.0616666666666666
1 0.5651041666666666 0.4925 0.0177083333333333 0.045
3 0.6526041666666667 0.3566666666666667 0.015625 0.0433333333333333
4 0.7260416666666667 0.4166666666666667 0.0166666666666666 0.05
6 0.8010416666666667 0.0766666666666666 0.05 0.1166666666666666
3 0.8 0.075 0.0270833333333333 0.0933333333333333
1 0.8651041666666667 0.51 0.0739583333333333 0.1133333333333333