3 0.064453125 0.06640625 0.0771484375 0.126953125
1 0.2275390625 0.5126953125 0.080078125 0.078125
1 0.333984375 0.5107421875 0.078125 0.0849609375
1 0.474609375 0.4951171875 0.02734375 0.037109375
3 0.572265625 0.029296875 0.0283203125 0.0546875
6 0.5654296875 0.36328125 0.0146484375 0.04296875
6 0.6533203125 0.3583984375 0.0166015625 0.0498046875
6 0.65234375 0.357421875 0.009765625 0.0380859375
6 0.728515625 0.4189453125 0.013671875 0.0478515625
6 0.80078125 0.076171875 0.029296875 0.091796875
1 0.8564453125 0.4912109375 0.0791015625 0.056640625