2 0.3119791666666666 0.5308333333333334 0.053125 0.15
2 0.26171875 0.5404166666666667 0.0296875 0.1425
2 0.0734375 0.5408333333333334 0.028125 0.115
2 0.0765625 0.54 0.021875 0.0933333333333333
2 0.2166666666666666 0.54 0.0291666666666666 0.13
2 0.2171875 0.5466666666666667 0.0260416666666666 0.1266666666666666
2 0.2171875 0.5341666666666667 0.0197916666666666 0.1216666666666666
1 0.5994791666666667 0.5725 0.4489583333333333 0.2716666666666666
2 0.5239583333333333 0.4983333333333333 0.025 0.0833333333333333
3 0.5817708333333333 0.3075 0.028125 0.0916666666666666
2 0.8666666666666667 0.49 0.0270833333333333 0.13
2 0.8677083333333333 0.4925 0.0125 0.1416666666666666
2 0.8796875 0.4875 0.021875 0.125
2 0.9 0.4716666666666667 0.025 0.1366666666666667
2 0.8994791666666666 0.4783333333333334 0.0239583333333333 0.14
2 0.9203125 0.48 0.021875 0.14
2 0.9197916666666668 0.4858333333333333 0.01875 0.125
2 0.9557291666666666 0.4741666666666667 0.0197916666666666 0.145
2 0.9822916666666668 0.4716666666666667 0.0166666666666666 0.14