2 0.4375 0.5233333333333333 0.0177083333333333 0.0466666666666666
2 0.471875 0.5175000000000001 0.015625 0.06
2 0.1625 0.5316666666666667 0.0291666666666666 0.0966666666666666
2 0.1880208333333333 0.53 0.0239583333333333 0.0966666666666666
2 0.1890625 0.5283333333333333 0.0239583333333333 0.1033333333333333
2 0.2375 0.5583333333333333 0.0395833333333333 0.1333333333333333
2 0.2515625 0.5533333333333333 0.021875 0.13
0 0.2885416666666666 0.5225000000000001 0.0270833333333333 0.0716666666666666
1 0.3682291666666666 0.5216666666666667 0.109375 0.06
1 0.5588541666666667 0.5125000000000001 0.1427083333333333 0.0916666666666666
2 0.515625 0.55 0.0291666666666666 0.1166666666666666
2 0.5630208333333333 0.5341666666666667 0.034375 0.1416666666666666
1 0.6604166666666667 0.5008333333333334 0.1041666666666666 0.0783333333333333
2 0.9276041666666668 0.5925 0.053125 0.4583333333333333