1 0.205078125 0.4951171875 0.1044921875 0.0673828125
3 0.0625 0.0693359375 0.08984375 0.134765625
1 0.107421875 0.51953125 0.1767578125 0.1552734375
3 0.572265625 0.02734375 0.029296875 0.0517578125
6 0.5654296875 0.3642578125 0.0146484375 0.0478515625
1 0.6318359375 0.4990234375 0.123046875 0.0712890625
6 0.6533203125 0.3583984375 0.0166015625 0.0498046875
6 0.728515625 0.4189453125 0.013671875 0.0478515625
6 0.80078125 0.0751953125 0.029296875 0.09375
1 0.8623046875 0.4892578125 0.072265625 0.0546875
1 0.9189453125 0.4853515625 0.0498046875 0.0546875