1 0.0536458333333333 0.5720833333333334 0.075 0.0725
1 0.1432291666666666 0.5541666666666667 0.0385416666666666 0.0516666666666666
1 0.2161458333333333 0.5425 0.034375 0.0516666666666666
3 0.2510416666666666 0.4175 0.01875 0.0416666666666666
7 0.2505208333333333 0.42 0.0114583333333333 0.04
1 0.3088541666666666 0.5366666666666667 0.0302083333333333 0.06
10 0.3395833333333333 0.5225000000000001 0.0583333333333333 0.1083333333333333
4 0.3213541666666666 0.4125 0.0114583333333333 0.035
4 0.375 0.4116666666666667 0.0125 0.04
4 0.5546875 0.4375 0.0177083333333333 0.0483333333333333
1 0.6375 0.54 0.0770833333333333 0.0433333333333333