2 0.16875 0.535 0.0854166666666666 0.3
1 0.240625 0.5033333333333334 0.075 0.08
2 0.2583333333333333 0.545 0.0708333333333333 0.25
2 0.3151041666666667 0.5283333333333333 0.0760416666666666 0.2833333333333333
10 0.384375 0.4583333333333333 0.09375 0.1366666666666667
2 0.3583333333333333 0.4891666666666667 0.01875 0.0716666666666666
2 0.3604166666666666 0.495 0.0166666666666666 0.0766666666666666
2 0.3859375 0.4983333333333333 0.0197916666666666 0.0766666666666666
2 0.4197916666666667 0.4925 0.0208333333333333 0.0683333333333333
2 0.4338541666666666 0.4975 0.0177083333333333 0.0683333333333333
2 0.4463541666666666 0.4991666666666667 0.0197916666666666 0.0783333333333333
1 0.5619791666666667 0.5041666666666667 0.2427083333333333 0.1416666666666666
7 0.4973958333333333 0.3175 0.0177083333333333 0.055
6 0.5630208333333333 0.3216666666666667 0.0177083333333333 0.0566666666666666
6 0.6869791666666667 0.3975 0.0197916666666666 0.0616666666666666
2 0.7588541666666666 0.5525 0.109375 0.2783333333333334