1 0.184375 0.6358333333333334 0.36875 0.6283333333333334
7 0.346875 0.4366666666666667 0.01875 0.0566666666666666
4 0.4744791666666667 0.3566666666666667 0.015625 0.0533333333333333
1 0.5104166666666666 0.5366666666666667 0.03125 0.04
3 0.5244791666666666 0.4291666666666667 0.0177083333333333 0.0516666666666666
3 0.7052083333333333 0.315 0.0416666666666666 0.12
2 0.7 0.5275000000000001 0.0104166666666666 0.0683333333333333
2 0.7078125 0.5258333333333334 0.021875 0.065
2 0.7223958333333333 0.5166666666666667 0.015625 0.0533333333333333
2 0.7286458333333333 0.5266666666666667 0.021875 0.0766666666666666
1 0.8692708333333333 0.5533333333333333 0.0427083333333333 0.07
1 0.9265625 0.5508333333333334 0.065625 0.085