2 0.0125 0.5529166666666667 0.0239583333333333 0.0808333333333333
2 0.0453125 0.5508333333333334 0.015625 0.065
2 0.0484375 0.5516666666666667 0.0177083333333333 0.0766666666666666
2 0.059375 0.5491666666666667 0.0145833333333333 0.0716666666666666
1 0.1765625 0.54 0.0510416666666666 0.05
1 0.3296875 0.6525000000000001 0.3322916666666666 0.4216666666666667
7 0.2807291666666666 0.2775 0.021875 0.065
6 0.3901041666666666 0.2858333333333333 0.021875 0.0716666666666666
2 0.4505208333333333 0.49 0.0364583333333333 0.0933333333333333
0 0.509375 0.53 0.0333333333333333 0.0733333333333333
2 0.534375 0.5158333333333334 0.0166666666666666 0.065
2 0.5588541666666667 0.5258333333333334 0.0177083333333333 0.0783333333333333
6 0.5630208333333333 0.41 0.0239583333333333 0.0633333333333333
2 0.58125 0.5191666666666667 0.0166666666666666 0.0816666666666666
2 0.6010416666666667 0.5208333333333334 0.01875 0.0683333333333333
0 0.6625 0.53 0.025 0.09