3 0.0712890625 0.0849609375 0.109375 0.15625
1 0.09765625 0.5 0.0322265625 0.0703125
1 0.232421875 0.52734375 0.158203125 0.134765625
1 0.31640625 0.4970703125 0.0791015625 0.0546875
1 0.44140625 0.5009765625 0.046875 0.05859375
1 0.494140625 0.4970703125 0.02734375 0.04296875
3 0.5673828125 0.3603515625 0.015625 0.0517578125
1 0.6513671875 0.486328125 0.052734375 0.06640625
3 0.65234375 0.35546875 0.015625 0.0419921875
1 0.7041015625 0.5107421875 0.0732421875 0.0849609375
1 0.7021484375 0.4638671875 0.0439453125 0.0283203125
4 0.7255859375 0.4140625 0.0166015625 0.0478515625
1 0.8173828125 0.5166015625 0.1240234375 0.146484375
4 0.80078125 0.0771484375 0.0498046875 0.1162109375
3 0.80078125 0.07421875 0.0263671875 0.091796875