1 0.2640625 0.5295833333333334 0.0385416666666666 0.0475
1 0.1192708333333333 0.5308333333333334 0.0447916666666666 0.0483333333333333
1 0.2947916666666667 0.5341666666666667 0.0291666666666666 0.0416666666666666
4 0.359375 0.375 0.0166666666666666 0.0433333333333333
4 0.4182291666666666 0.4141666666666667 0.015625 0.045
1 0.4541666666666666 0.5283333333333333 0.0291666666666666 0.0633333333333333
1 0.4963541666666666 0.5458333333333334 0.034375 0.095
4 0.5401041666666666 0.3575 0.0177083333333333 0.045
2 0.6567708333333333 0.5375000000000001 0.0177083333333333 0.0616666666666666
1 0.7432291666666666 0.5666666666666667 0.153125 0.13
4 0.7244791666666667 0.46 0.0114583333333333 0.0366666666666666