2 0.5385416666666667 0.4933333333333333 0.00625 0.0316666666666666
1 0.3041666666666666 0.4975 0.05 0.0483333333333333
7 0.2979166666666666 0.3216666666666667 0.0229166666666666 0.06
1 0.36875 0.4908333333333333 0.0291666666666666 0.0416666666666666
4 0.3802083333333333 0.3175 0.01875 0.055
4 0.3828125 0.3316666666666666 0.015625 0.03
4 0.4442708333333333 0.3366666666666666 0.0197916666666666 0.0433333333333333
4 0.4447916666666666 0.3466666666666667 0.0145833333333333 0.0266666666666666
4 0.5729166666666666 0.4116666666666667 0.01875 0.04
4 0.5723958333333333 0.4266666666666667 0.0135416666666666 0.03
1 0.5947916666666666 0.4941666666666667 0.0458333333333333 0.0516666666666666
4 0.5942708333333333 0.3825 0.021875 0.0583333333333333
4 0.596875 0.39 0.01875 0.04
1 0.71875 0.4816666666666667 0.1270833333333333 0.07