1 0.1322916666666666 0.5191666666666667 0.0729166666666666 0.055
1 0.365625 0.5141666666666667 0.0333333333333333 0.045
7 0.3963541666666667 0.375 0.0114583333333333 0.03
6 0.4536458333333333 0.3908333333333333 0.0135416666666666 0.035
6 0.4536458333333333 0.3908333333333333 0.009375 0.0283333333333333
2 0.4578125 0.51 0.0177083333333333 0.0533333333333333
2 0.4578125 0.5058333333333334 0.0135416666666666 0.045
1 0.509375 0.5116666666666667 0.0458333333333333 0.0566666666666666
6 0.5307291666666667 0.4391666666666667 0.009375 0.0283333333333333
6 0.53125 0.4366666666666667 0.0104166666666666 0.02
10 0.5994791666666667 0.475 0.140625 0.0766666666666666
6 0.584375 0.4091666666666667 0.0125 0.0383333333333333
6 0.5854166666666667 0.405 0.0125 0.03
2 0.6411458333333333 0.4908333333333333 0.0177083333333333 0.0516666666666666