1 0.064453125 0.58984375 0.1279296875 0.130859375
1 0.0380859375 0.701171875 0.076171875 0.2587890625
1 0.2216796875 0.5625 0.0556640625 0.068359375
6 0.2802734375 0.455078125 0.0146484375 0.033203125
1 0.3310546875 0.55078125 0.0478515625 0.068359375
6 0.31640625 0.421875 0.0166015625 0.04296875
4 0.3740234375 0.4150390625 0.0185546875 0.0400390625
4 0.3740234375 0.4052734375 0.0166015625 0.046875
1 0.4404296875 0.544921875 0.048828125 0.0771484375
1 0.4853515625 0.53125 0.021484375 0.04296875
2 0.939453125 0.5078125 0.03125 0.1279296875