1 0.0536458333333333 0.5316666666666667 0.0635416666666666 0.05
1 0.1098958333333333 0.5183333333333333 0.0614583333333333 0.04
1 0.165625 0.5166666666666667 0.05 0.0566666666666666
1 0.2395833333333333 0.5341666666666667 0.0625 0.0783333333333333
1 0.3791666666666666 0.5716666666666667 0.125 0.16
7 0.3479166666666666 0.3616666666666667 0.0166666666666666 0.0433333333333333
3 0.3484375 0.3608333333333333 0.0114583333333333 0.035
4 0.4083333333333333 0.365 0.0166666666666666 0.04
4 0.4067708333333333 0.3641666666666667 0.0114583333333333 0.0383333333333333
1 0.4682291666666666 0.5183333333333333 0.0239583333333333 0.05
4 0.496875 0.4308333333333333 0.0104166666666666 0.0283333333333333
4 0.5114583333333333 0.4116666666666667 0.0125 0.0433333333333333
1 0.9526041666666668 0.5141666666666667 0.0572916666666666 0.0616666666666666