6 0.060546875 0.4541015625 0.0205078125 0.0419921875
7 0.0625 0.4658203125 0.0166015625 0.0478515625
1 0.119140625 0.5224609375 0.0341796875 0.044921875
1 0.1806640625 0.51953125 0.021484375 0.04296875
7 0.21484375 0.3720703125 0.0185546875 0.0546875
1 0.2783203125 0.5166015625 0.048828125 0.08984375
4 0.2861328125 0.3671875 0.0166015625 0.044921875
1 0.4443359375 0.5703125 0.302734375 0.43359375
3 0.5908203125 0.38671875 0.033203125 0.0595703125
3 0.58984375 0.37890625 0.0263671875 0.0849609375
1 0.6552734375 0.5322265625 0.126953125 0.1015625
2 0.666015625 0.4794921875 0.033203125 0.0546875