1 0.01953125 0.54296875 0.029296875 0.0478515625
6 0.060546875 0.4560546875 0.0205078125 0.0419921875
7 0.0625 0.4677734375 0.0166015625 0.0478515625
1 0.1416015625 0.525390625 0.0458984375 0.0546875
1 0.1767578125 0.51953125 0.021484375 0.04296875
7 0.2158203125 0.3740234375 0.0185546875 0.0546875
1 0.2744140625 0.5166015625 0.046875 0.0703125
4 0.2880859375 0.37109375 0.015625 0.044921875
1 0.310546875 0.5126953125 0.029296875 0.0615234375
1 0.341796875 0.501953125 0.0341796875 0.0703125
1 0.5888671875 0.4833984375 0.064453125 0.0595703125
3 0.5947265625 0.3935546875 0.033203125 0.0595703125
3 0.5927734375 0.3876953125 0.0263671875 0.0849609375
2 0.6552734375 0.478515625 0.029296875 0.033203125
1 0.9482421875 0.6962890625 0.0986328125 0.23828125