10 0.109375 0.4933333333333333 0.0958333333333333 0.07
10 0.1109375 0.4891666666666667 0.0697916666666666 0.0483333333333333
1 0.2067708333333333 0.5033333333333334 0.059375 0.06
1 0.2453125 0.5008333333333334 0.046875 0.0416666666666666
1 0.3145833333333333 0.5008333333333334 0.0291666666666666 0.0416666666666666
1 0.4911458333333333 0.5158333333333334 0.0760416666666666 0.0983333333333333
4 0.4651041666666666 0.4091666666666667 0.0114583333333333 0.035
4 0.4984375 0.41 0.015625 0.0333333333333333
4 0.5729166666666666 0.45 0.0145833333333333 0.03
4 0.5932291666666667 0.45 0.0135416666666666 0.03
10 0.6614583333333334 0.4875 0.1083333333333333 0.1383333333333333
1 0.6713541666666667 0.4916666666666667 0.1239583333333333 0.14
2 0.7421875 0.4991666666666667 0.0239583333333333 0.0916666666666666