1 0.86015625 0.4875 0.0682291666666666 0.045
3 0.0630208333333333 0.0683333333333333 0.0864583333333333 0.1333333333333333
1 0.2166666666666666 0.5216666666666667 0.13125 0.1266666666666666
1 0.4130208333333333 0.4983333333333333 0.096875 0.06
1 0.475 0.495 0.0270833333333333 0.0366666666666666
3 0.571875 0.0275 0.0291666666666666 0.0516666666666666
6 0.565625 0.3633333333333333 0.0145833333333333 0.0466666666666666
1 0.590625 0.4966666666666667 0.0375 0.05
6 0.653125 0.3583333333333333 0.0166666666666666 0.05
6 0.6526041666666667 0.3575 0.009375 0.0383333333333333
6 0.7286458333333333 0.4191666666666667 0.0135416666666666 0.0483333333333333
1 0.8041666666666667 0.4808333333333334 0.0895833333333333 0.0683333333333333
6 0.8010416666666667 0.075 0.0291666666666666 0.0933333333333333