1 0.021875 0.5716666666666667 0.04375 0.13
10 0.0838541666666666 0.4833333333333333 0.1114583333333333 0.0766666666666666
1 0.0916666666666666 0.5808333333333334 0.1270833333333333 0.175
3 0.3171875 0.3275 0.0177083333333333 0.055
6 0.4140625 0.3258333333333333 0.0197916666666666 0.0483333333333333
1 0.4677083333333333 0.5166666666666667 0.0479166666666666 0.0466666666666666
6 0.4916666666666666 0.3266666666666666 0.01875 0.0566666666666666
1 0.5322916666666666 0.535 0.0625 0.0766666666666666
2 0.6114583333333333 0.5183333333333333 0.0145833333333333 0.04
6 0.6791666666666667 0.4175 0.0166666666666666 0.0483333333333333
1 0.8395833333333333 0.7141666666666667 0.3104166666666667 0.5583333333333333
6 0.9291666666666668 0.2566666666666667 0.0520833333333333 0.1566666666666666