2 0.0348958333333333 0.5458333333333334 0.028125 0.1116666666666666
1 0.2682291666666667 0.6525000000000001 0.334375 0.3816666666666667
2 0.1411458333333333 0.5366666666666667 0.028125 0.0866666666666666
3 0.1479166666666666 0.3983333333333334 0.0166666666666666 0.0533333333333333
3 0.5276041666666667 0.3725 0.0197916666666666 0.0683333333333333
2 0.6583333333333333 0.5275000000000001 0.0166666666666666 0.075
2 0.6723958333333333 0.5341666666666667 0.0260416666666666 0.095
2 0.6833333333333333 0.5191666666666667 0.0208333333333333 0.075
2 0.7989583333333333 0.5366666666666667 0.0520833333333333 0.2366666666666667
2 0.8604166666666666 0.5316666666666667 0.0479166666666666 0.24
2 0.9125 0.5433333333333333 0.05 0.2133333333333333
2 0.9776041666666666 0.5700000000000001 0.0427083333333333 0.2233333333333333