2 0.6921875 0.5029166666666667 0.0166666666666666 0.0591666666666666
1 0.0385416666666666 0.5358333333333334 0.075 0.065
0 0.1411458333333333 0.5266666666666667 0.021875 0.0633333333333333
0 0.1447916666666666 0.5333333333333333 0.0229166666666666 0.0633333333333333
1 0.2458333333333333 0.5291666666666667 0.0875 0.0383333333333333
1 0.3333333333333333 0.5208333333333334 0.0583333333333333 0.0683333333333333
7 0.3833333333333333 0.3558333333333333 0.0125 0.0383333333333333
6 0.4557291666666667 0.3725 0.0135416666666666 0.035
6 0.4552083333333333 0.3716666666666667 0.0104166666666666 0.03
2 0.459375 0.515 0.01875 0.0666666666666666
1 0.521875 0.5141666666666667 0.0645833333333333 0.0983333333333333
10 0.5921875 0.4783333333333334 0.1739583333333333 0.0733333333333333
1 0.5510416666666667 0.5275000000000001 0.075 0.0916666666666666
6 0.5510416666666667 0.4283333333333333 0.0125 0.0133333333333333
6 0.5526041666666667 0.4308333333333333 0.0114583333333333 0.0183333333333333
6 0.6427083333333333 0.3791666666666667 0.0125 0.035
6 0.64375 0.3741666666666667 0.0125 0.0383333333333333
2 0.7182291666666667 0.5008333333333334 0.0177083333333333 0.0816666666666666
2 0.7213541666666666 0.5033333333333334 0.0197916666666666 0.0833333333333333