2 0.81796875 0.4825 0.0255208333333333 0.1033333333333333
1 0.0208333333333333 0.5616666666666666 0.040625 0.11
2 0.1598958333333333 0.5475 0.0177083333333333 0.085
6 0.1697916666666666 0.4116666666666667 0.0145833333333333 0.04
2 0.2229166666666666 0.5 0.04375 0.1433333333333333
2 0.2807291666666666 0.4708333333333334 0.0385416666666666 0.0683333333333333
1 0.4114583333333333 0.5491666666666667 0.0583333333333333 0.095
6 0.4958333333333333 0.3833333333333333 0.0166666666666666 0.0566666666666666
2 0.615625 0.5291666666666667 0.0229166666666666 0.0916666666666666
2 0.6166666666666667 0.5316666666666667 0.0166666666666666 0.0866666666666666
2 0.6994791666666667 0.5433333333333333 0.0510416666666666 0.1966666666666666