1 0.0171875 0.5800000000000001 0.034375 0.15
10 0.0760416666666666 0.5016666666666667 0.1083333333333333 0.0866666666666666
1 0.2848958333333333 0.5916666666666667 0.3239583333333333 0.4233333333333333
7 0.3182291666666667 0.33 0.0177083333333333 0.05
6 0.4140625 0.3241666666666667 0.015625 0.0416666666666666
6 0.4921875 0.3258333333333333 0.015625 0.0483333333333333
2 0.5984375 0.5266666666666667 0.015625 0.0566666666666666
2 0.6010416666666667 0.5266666666666667 0.01875 0.0633333333333333
1 0.6973958333333333 0.5633333333333334 0.1677083333333333 0.1833333333333333
6 0.6796875 0.415 0.015625 0.0433333333333333
6 0.9296875 0.2508333333333333 0.0489583333333333 0.155
2 0.9630208333333332 0.54 0.034375 0.1166666666666666