1 0.1197916666666666 0.5408333333333334 0.0770833333333333 0.0816666666666666
1 0.3296875 0.6533333333333333 0.3302083333333333 0.4233333333333333
7 0.2807291666666666 0.2775 0.021875 0.065
6 0.3901041666666666 0.2866666666666667 0.021875 0.0733333333333333
2 0.5015625 0.5258333333333334 0.046875 0.075
2 0.4958333333333333 0.5275000000000001 0.01875 0.075
0 0.509375 0.53 0.0333333333333333 0.0733333333333333
2 0.5276041666666667 0.5191666666666667 0.015625 0.0716666666666666
2 0.5494791666666666 0.5308333333333334 0.0177083333333333 0.075
6 0.5630208333333333 0.4108333333333334 0.0239583333333333 0.065
2 0.5651041666666666 0.5308333333333334 0.0197916666666666 0.075
0 0.6635416666666667 0.4975 0.0229166666666666 0.0283333333333333
2 0.8645833333333334 0.5483333333333333 0.0729166666666666 0.2166666666666666
2 0.865625 0.5466666666666667 0.0729166666666666 0.2166666666666666
1 0.9755208333333332 0.52 0.046875 0.0966666666666666