2 0.0380208333333333 0.5650000000000001 0.028125 0.13
2 0.0869791666666666 0.5516666666666667 0.0364583333333333 0.1466666666666666
1 0.1229166666666666 0.5533333333333333 0.0791666666666666 0.1033333333333333
1 0.2817708333333333 0.5291666666666667 0.021875 0.0483333333333333
1 0.434375 0.5208333333333334 0.0541666666666666 0.065
2 0.4489583333333333 0.5158333333333334 0.0270833333333333 0.145
2 0.4473958333333333 0.5266666666666667 0.021875 0.1266666666666666
2 0.475 0.5241666666666667 0.01875 0.1516666666666666
2 0.5541666666666667 0.5058333333333334 0.0229166666666666 0.095
2 0.5619791666666667 0.5083333333333334 0.009375 0.0766666666666666
2 0.575 0.5041666666666667 0.0208333333333333 0.095
2 0.5729166666666666 0.5008333333333334 0.0145833333333333 0.0816666666666666
3 0.5817708333333333 0.3083333333333333 0.028125 0.0933333333333333
2 0.5916666666666667 0.4991666666666667 0.0229166666666666 0.105
2 0.7854166666666667 0.4941666666666667 0.0270833333333333 0.1316666666666666
2 0.8354166666666667 0.4641666666666666 0.025 0.0816666666666666
2 0.8307291666666666 0.4566666666666667 0.0114583333333333 0.08