1 0.03515625 0.6357421875 0.0693359375 0.23828125
1 0.2158203125 0.5380859375 0.0322265625 0.037109375
1 0.2470703125 0.5380859375 0.017578125 0.0400390625
1 0.4501953125 0.525390625 0.046875 0.0615234375
1 0.4892578125 0.509765625 0.029296875 0.046875
2 0.75 0.5361328125 0.025390625 0.115234375
2 0.7490234375 0.5341796875 0.015625 0.1015625
2 0.7744140625 0.5302734375 0.03125 0.13671875
2 0.771484375 0.5283203125 0.01953125 0.1162109375
10 0.8076171875 0.513671875 0.083984375 0.0537109375
1 0.8330078125 0.5380859375 0.07421875 0.0703125