2 0.51171875 0.5254166666666668 0.0171875 0.0525
2 0.4934895833333333 0.52625 0.0098958333333333 0.0475
2 0.465625 0.5320833333333334 0.0114583333333333 0.0391666666666666
2 0.4622395833333333 0.5245833333333334 0.0098958333333333 0.0491666666666666
1 0.1098958333333333 0.5875 0.21875 0.225
1 0.221875 0.53 0.0520833333333333 0.0566666666666666
1 0.2828125 0.5241666666666667 0.0447916666666666 0.055
2 0.4468749999999999 0.5191666666666667 0.0166666666666666 0.0583333333333333
2 0.6286458333333333 0.5208333333333334 0.0197916666666666 0.1016666666666666
2 0.6541666666666667 0.5116666666666667 0.0229166666666666 0.0933333333333333
2 0.65625 0.5183333333333333 0.0208333333333333 0.1066666666666666