1 0.1385416666666666 0.5541666666666667 0.0458333333333333 0.0383333333333333
1 0.2177083333333333 0.5508333333333334 0.0541666666666666 0.0516666666666666
1 0.2994791666666667 0.5408333333333334 0.040625 0.0583333333333333
1 0.4921875 0.5533333333333333 0.103125 0.1366666666666667
10 0.5635416666666666 0.5216666666666667 0.0354166666666666 0.0566666666666666
1 0.659375 0.545 0.0625 0.07
1 0.7270833333333333 0.5366666666666667 0.0791666666666666 0.0566666666666666
2 0.7671875 0.5433333333333333 0.021875 0.0933333333333333
2 0.7869791666666667 0.54 0.0177083333333333 0.0766666666666666
2 0.8046875 0.5341666666666667 0.021875 0.085
2 0.8036458333333333 0.535 0.0197916666666666 0.08