2 0.9861979166666668 0.6308333333333334 0.0265625 0.4016666666666666
0 0.0322916666666666 0.54 0.0479166666666666 0.08
2 0.0270833333333333 0.5466666666666667 0.0166666666666666 0.08
0 0.040625 0.5441666666666667 0.03125 0.0716666666666666
2 0.0416666666666666 0.5366666666666667 0.0145833333333333 0.0766666666666666
7 0.0536458333333333 0.4375 0.0197916666666666 0.0516666666666666
2 0.0807291666666666 0.5383333333333333 0.0239583333333333 0.08
0 0.0822916666666666 0.5375000000000001 0.0104166666666666 0.0683333333333333
0 0.0958333333333333 0.5391666666666667 0.025 0.0683333333333333
0 0.0947916666666666 0.5383333333333333 0.0166666666666666 0.0666666666666666
10 0.1734375 0.5216666666666667 0.0822916666666666 0.0833333333333333
10 0.2395833333333333 0.5116666666666667 0.05625 0.0566666666666666
1 0.2447916666666666 0.5158333333333334 0.0625 0.0583333333333333
2 0.2848958333333333 0.5133333333333334 0.0239583333333333 0.0733333333333333
10 0.328125 0.4816666666666667 0.1 0.1466666666666666
1 0.4140625 0.52 0.0239583333333333 0.0333333333333333
7 0.4484375 0.3216666666666667 0.0197916666666666 0.0566666666666666
6 0.51875 0.325 0.0229166666666666 0.0666666666666666
1 0.5651041666666666 0.5075000000000001 0.0885416666666666 0.0916666666666666
6 0.6557291666666667 0.4083333333333334 0.021875 0.0633333333333333