3 0.3265625 0.4475 0.015625 0.0283333333333333
1 0.3958333333333333 0.4783333333333334 0.025 0.0333333333333333
10 0.4192708333333333 0.4716666666666667 0.040625 0.0633333333333333
10 0.4192708333333333 0.4675 0.028125 0.0583333333333333
4 0.4546874999999999 0.3983333333333334 0.0177083333333333 0.0366666666666666
1 0.4953125 0.4825 0.0322916666666666 0.0383333333333333
4 0.5125 0.4 0.0229166666666666 0.0366666666666666
4 0.5515625 0.4425 0.015625 0.0283333333333333
4 0.5807291666666666 0.435 0.0177083333333333 0.0266666666666666
4 0.58125 0.425 0.0104166666666666 0.0366666666666666
1 0.7057291666666666 0.54 0.1739583333333333 0.2066666666666667