1 0.28359375 0.5366666666666667 0.0380208333333333 0.0516666666666666
1 0.1809895833333333 0.5566666666666668 0.0817708333333333 0.09
3 0.0161458333333333 0.3591666666666667 0.0302083333333333 0.0983333333333333
2 0.0807291666666666 0.5125000000000001 0.0135416666666666 0.0183333333333333
2 0.1703125 0.5508333333333334 0.0302083333333333 0.1283333333333333
2 0.4411458333333333 0.5166666666666667 0.0114583333333333 0.0366666666666666
3 0.5197916666666667 0.3225 0.0354166666666666 0.1016666666666666
2 0.5885416666666666 0.52 0.0375 0.0933333333333333
2 0.6296875 0.5058333333333334 0.028125 0.1183333333333333
2 0.6583333333333333 0.515 0.04375 0.1133333333333333
2 0.6546875 0.5125000000000001 0.0239583333333333 0.095
2 0.6895833333333333 0.5 0.05 0.1333333333333333
2 0.684375 0.5 0.0291666666666666 0.1133333333333333
2 0.8598958333333333 0.48 0.034375 0.1466666666666666
1 0.9614583333333332 0.5225000000000001 0.0729166666666666 0.125