1 0.0885416666666666 0.525 0.0572916666666666 0.04
3 0.0385416666666666 0.2516666666666667 0.0208333333333333 0.0733333333333333
1 0.2119791666666666 0.5358333333333334 0.0260416666666666 0.0416666666666666
3 0.2463541666666666 0.3591666666666667 0.0197916666666666 0.055
3 0.3239583333333333 0.2966666666666667 0.0229166666666666 0.06
4 0.3848958333333333 0.4191666666666667 0.015625 0.035
4 0.4171875 0.4466666666666667 0.015625 0.0333333333333333
1 0.4458333333333333 0.5225000000000001 0.025 0.0416666666666666
1 0.51875 0.5558333333333334 0.0729166666666666 0.095
4 0.5098958333333333 0.4058333333333334 0.0177083333333333 0.045
4 0.5078125 0.405 0.0114583333333333 0.0333333333333333
1 0.5567708333333333 0.5283333333333333 0.0364583333333333 0.0633333333333333
1 0.6473958333333333 0.5308333333333334 0.0614583333333333 0.0783333333333333
4 0.640625 0.4741666666666667 0.0125 0.0316666666666666
1 0.9015625 0.5983333333333334 0.190625 0.2233333333333333
4 0.825 0.4133333333333334 0.0166666666666666 0.0566666666666666
3 0.8505208333333333 0.3625 0.0197916666666666 0.0416666666666666
3 0.8916666666666666 0.3391666666666666 0.0208333333333333 0.0616666666666666