3 0.0822916666666666 0.0783333333333333 0.1645833333333333 0.1566666666666666
1 0.0833333333333333 0.5175000000000001 0.0541666666666666 0.045
1 0.09375 0.4991666666666667 0.0416666666666666 0.0316666666666666
1 0.2713541666666667 0.5208333333333334 0.1010416666666666 0.085
1 0.4125 0.5033333333333334 0.0354166666666666 0.04
1 0.4375 0.5008333333333334 0.025 0.0483333333333333
1 0.5286458333333334 0.4883333333333333 0.0177083333333333 0.05
3 0.5682291666666667 0.3608333333333333 0.0239583333333333 0.0616666666666666
1 0.5723958333333333 0.4933333333333333 0.0322916666666666 0.0533333333333333
3 0.6526041666666667 0.3566666666666667 0.015625 0.0433333333333333
4 0.7260416666666667 0.4175 0.0166666666666666 0.0516666666666666
6 0.8010416666666667 0.0766666666666666 0.05 0.1166666666666666
3 0.8 0.0758333333333333 0.0270833333333333 0.095
1 0.8338541666666667 0.4875 0.0614583333333333 0.0616666666666666
2 0.9760416666666668 0.5016666666666667 0.0229166666666666 0.1