1 0.0537109375 0.560546875 0.107421875 0.19921875
1 0.095703125 0.5205078125 0.1298828125 0.1953125
1 0.2216796875 0.5341796875 0.0615234375 0.0947265625
1 0.2646484375 0.525390625 0.05859375 0.080078125
1 0.3037109375 0.5185546875 0.044921875 0.0771484375
1 0.373046875 0.521484375 0.0478515625 0.0634765625
6 0.3916015625 0.404296875 0.0185546875 0.0419921875
6 0.3916015625 0.400390625 0.0087890625 0.0234375
1 0.431640625 0.5126953125 0.0517578125 0.078125
6 0.443359375 0.404296875 0.0205078125 0.044921875
6 0.4873046875 0.4013671875 0.017578125 0.04296875
6 0.4873046875 0.40234375 0.0107421875 0.03125
1 0.53125 0.5224609375 0.0498046875 0.0654296875
1 0.5888671875 0.509765625 0.046875 0.0703125
6 0.603515625 0.423828125 0.021484375 0.0615234375
6 0.6044921875 0.42578125 0.015625 0.0380859375
1 0.63671875 0.5263671875 0.0595703125 0.0966796875
1 0.6884765625 0.5361328125 0.109375 0.111328125