6 0.0830078125 0.0791015625 0.166015625 0.158203125
1 0.0830078125 0.517578125 0.0537109375 0.044921875
1 0.09375 0.4990234375 0.0419921875 0.03125
1 0.28125 0.51953125 0.095703125 0.0830078125
1 0.4423828125 0.4931640625 0.03515625 0.0400390625
1 0.4736328125 0.49609375 0.0322265625 0.0419921875
1 0.5498046875 0.490234375 0.01953125 0.04296875
3 0.568359375 0.3603515625 0.0244140625 0.0615234375
1 0.6064453125 0.4970703125 0.0498046875 0.06640625
1 0.6474609375 0.494140625 0.0654296875 0.0849609375
3 0.65234375 0.3564453125 0.015625 0.04296875
4 0.7255859375 0.4169921875 0.0166015625 0.0498046875
2 0.7587890625 0.48046875 0.0244140625 0.0654296875
6 0.80078125 0.0771484375 0.0498046875 0.1162109375
3 0.7998046875 0.0751953125 0.02734375 0.09375
2 0.9521484375 0.4716796875 0.025390625 0.0966796875
2 0.9521484375 0.4853515625 0.0224609375 0.078125