2 0.0463541666666666 0.6016666666666667 0.015625 0.0566666666666666
2 0.0458333333333333 0.6008333333333333 0.0145833333333333 0.045
2 0.0557291666666666 0.6041666666666667 0.015625 0.0516666666666666
2 0.0557291666666666 0.6000000000000001 0.0114583333333333 0.05
2 0.3473958333333333 0.5791666666666667 0.0427083333333333 0.055
2 0.5526041666666667 0.5516666666666667 0.0260416666666666 0.0866666666666666
2 0.5552083333333333 0.5541666666666667 0.0208333333333333 0.0883333333333333
2 0.5786458333333333 0.5458333333333334 0.021875 0.1116666666666666
2 0.5796875 0.5433333333333333 0.0239583333333333 0.1033333333333333
2 0.6135416666666667 0.5466666666666667 0.0375 0.13
2 0.6114583333333333 0.5483333333333333 0.025 0.1433333333333333