1 0.4604166666666666 0.4808333333333334 0.0260416666666666 0.0283333333333333
10 0.43828125 0.4720833333333333 0.0338541666666666 0.0458333333333333
1 0.3010416666666666 0.4966666666666667 0.0645833333333333 0.0666666666666666
6 0.2838541666666667 0.4441666666666667 0.0197916666666666 0.045
3 0.38125 0.3541666666666667 0.0145833333333333 0.025
1 0.4161458333333333 0.4866666666666667 0.0385416666666666 0.05
4 0.440625 0.3691666666666667 0.0145833333333333 0.0416666666666666
4 0.4401041666666667 0.375 0.0135416666666666 0.0233333333333333
1 0.4911458333333333 0.4833333333333333 0.0322916666666666 0.0466666666666666
4 0.4880208333333333 0.3708333333333333 0.0177083333333333 0.0416666666666666
4 0.4869791666666667 0.3866666666666667 0.0114583333333333 0.0266666666666666
4 0.5755208333333334 0.4375 0.0197916666666666 0.0483333333333333
4 0.5776041666666667 0.4358333333333333 0.0114583333333333 0.0283333333333333
1 0.6161458333333333 0.5058333333333334 0.059375 0.1416666666666666
1 0.671875 0.5275000000000001 0.0770833333333333 0.145
4 0.6807291666666666 0.3783333333333333 0.0197916666666666 0.0566666666666666
4 0.6817708333333333 0.3891666666666667 0.0177083333333333 0.0316666666666666
1 0.7729166666666667 0.5408333333333334 0.1479166666666666 0.285