1 0.2411458333333333 0.5425 0.053125 0.085
1 0.328125 0.5475 0.03125 0.065
5 0.3677083333333333 0.335 0.025 0.0666666666666666
5 0.4322916666666667 0.3825 0.0270833333333333 0.0783333333333333
4 0.4322916666666667 0.3833333333333333 0.0166666666666666 0.05
1 0.4729166666666666 0.5308333333333334 0.01875 0.0516666666666666
1 0.5265625 0.545 0.0822916666666666 0.1033333333333333
1 0.5661458333333333 0.5358333333333334 0.028125 0.0716666666666666
4 0.59375 0.3116666666666667 0.03125 0.0966666666666666
1 0.6192708333333333 0.54 0.0364583333333333 0.0633333333333333
2 0.8156249999999999 0.5325000000000001 0.0229166666666666 0.065
4 0.8296875 0.4425 0.021875 0.0683333333333333
4 0.871875 0.4375 0.0104166666666666 0.0483333333333333