1 0.0833333333333333 0.5650000000000001 0.0354166666666666 0.08
1 0.1796875 0.5458333333333334 0.0885416666666666 0.055
1 0.3359375 0.5308333333333334 0.034375 0.0683333333333333
4 0.465625 0.4591666666666667 0.0104166666666666 0.0316666666666666
1 0.5614583333333333 0.5166666666666667 0.1020833333333333 0.08
1 0.6020833333333333 0.5433333333333333 0.1416666666666666 0.0733333333333333
2 0.7760416666666666 0.5091666666666667 0.0354166666666666 0.1383333333333333
2 0.8109375 0.5075000000000001 0.040625 0.1416666666666666
2 0.8083333333333333 0.5016666666666667 0.03125 0.12
2 0.8359375 0.5058333333333334 0.0239583333333333 0.1316666666666666
2 0.8416666666666667 0.5075000000000001 0.03125 0.135
2 0.8520833333333333 0.49 0.0229166666666666 0.1333333333333333