1 0.0815104166666666 0.57125 0.1411458333333333 0.1091666666666666
1 0.3739583333333333 0.5383333333333333 0.0666666666666666 0.07
1 0.4130208333333333 0.53 0.034375 0.0533333333333333
7 0.4286458333333333 0.2766666666666666 0.0197916666666666 0.05
7 0.428125 0.2733333333333334 0.0166666666666666 0.0466666666666666
10 0.5130208333333334 0.5066666666666667 0.0614583333333333 0.1133333333333333
4 0.5416666666666666 0.2675 0.0229166666666666 0.0716666666666666
4 0.5411458333333333 0.265 0.0197916666666666 0.0566666666666666
1 0.5546875 0.5216666666666667 0.034375 0.0566666666666666
0 0.6515625 0.525 0.021875 0.0633333333333333
4 0.7161458333333334 0.4075 0.021875 0.0716666666666666
4 0.7161458333333334 0.4008333333333334 0.0135416666666666 0.045
1 0.8494791666666667 0.5283333333333333 0.1697916666666666 0.09