3 0.0822916666666666 0.0783333333333333 0.1645833333333333 0.1566666666666666
1 0.0833333333333333 0.5175000000000001 0.0541666666666666 0.045
1 0.09375 0.4991666666666667 0.0416666666666666 0.0316666666666666
1 0.2234374999999999 0.5133333333333334 0.0572916666666666 0.0733333333333333
1 0.3432291666666666 0.5191666666666667 0.071875 0.075
1 0.4125 0.5 0.0354166666666666 0.04
1 0.4734375 0.4958333333333333 0.0322916666666666 0.0416666666666666
1 0.5578125 0.4925 0.028125 0.0483333333333333
3 0.5682291666666667 0.3608333333333333 0.0239583333333333 0.0616666666666666
3 0.653125 0.3575 0.0166666666666666 0.045
4 0.7265625 0.4191666666666667 0.0177083333333333 0.0516666666666666
6 0.8010416666666667 0.0766666666666666 0.05 0.1166666666666666
3 0.8 0.0758333333333333 0.0270833333333333 0.095
1 0.8401041666666667 0.49 0.0822916666666666 0.06
1 0.903125 0.485 0.0708333333333333 0.0566666666666666
2 0.9625 0.5 0.0229166666666666 0.1