1 0.046875 0.57875 0.0927083333333333 0.1675
1 0.2255208333333333 0.5700000000000001 0.1427083333333333 0.1533333333333333
7 0.2239583333333333 0.3966666666666666 0.0208333333333333 0.0533333333333333
7 0.2838541666666667 0.3541666666666667 0.0197916666666666 0.0616666666666666
1 0.3875 0.5333333333333333 0.0666666666666666 0.09
8 0.3677083333333333 0.3141666666666667 0.0229166666666666 0.0583333333333333
8 0.5197916666666667 0.425 0.0125 0.04
2 0.5322916666666666 0.5091666666666667 0.0229166666666666 0.085
1 0.684375 0.5191666666666667 0.0854166666666666 0.0683333333333333
1 0.7588541666666666 0.5183333333333333 0.1260416666666666 0.0766666666666666
1 0.896875 0.49 0.0875 0.0633333333333333