1 0.0901041666666666 0.5425 0.053125 0.0416666666666666
1 0.2692708333333333 0.5525 0.0989583333333333 0.0883333333333333
1 0.3932291666666667 0.5800000000000001 0.146875 0.1966666666666666
4 0.375 0.3883333333333333 0.0166666666666666 0.0433333333333333
4 0.4229166666666666 0.4158333333333333 0.0166666666666666 0.0316666666666666
1 0.4927083333333333 0.5366666666666667 0.0479166666666666 0.0566666666666666
1 0.5916666666666667 0.545 0.125 0.1633333333333333
4 0.5463541666666667 0.3658333333333333 0.0177083333333333 0.045
2 0.6609375 0.5341666666666667 0.0177083333333333 0.0616666666666666
2 0.703125 0.5341666666666667 0.01875 0.055
4 0.7239583333333334 0.4725 0.0125 0.0316666666666666