1 0.1609375 0.54 0.1072916666666666 0.0966666666666666
6 0.1640625 0.4716666666666667 0.0114583333333333 0.0266666666666666
1 0.2885416666666666 0.5216666666666667 0.0333333333333333 0.06
7 0.3515625 0.3908333333333333 0.0135416666666666 0.035
1 0.4182291666666666 0.5175000000000001 0.0427083333333333 0.0516666666666666
6 0.4046875 0.395 0.0114583333333333 0.0333333333333333
6 0.4921875 0.46 0.0135416666666666 0.04
6 0.51875 0.4075 0.0208333333333333 0.055
6 0.5192708333333333 0.4125 0.015625 0.0416666666666666
2 0.828125 0.4533333333333333 0.0166666666666666 0.0466666666666666
2 0.8645833333333334 0.4466666666666667 0.0229166666666666 0.0533333333333333