1 0.0744791666666666 0.5375000000000001 0.1479166666666666 0.1316666666666666
3 0.0630208333333333 0.0683333333333333 0.084375 0.1333333333333333
1 0.209375 0.5166666666666667 0.06875 0.0833333333333333
1 0.3838541666666666 0.5025000000000001 0.1072916666666666 0.075
3 0.571875 0.0275 0.0291666666666666 0.0516666666666666
6 0.565625 0.3633333333333333 0.0145833333333333 0.0466666666666666
1 0.634375 0.4908333333333333 0.0354166666666666 0.055
6 0.653125 0.3583333333333333 0.0166666666666666 0.05
6 0.6526041666666667 0.3575 0.009375 0.0383333333333333
6 0.7286458333333333 0.4191666666666667 0.0135416666666666 0.0483333333333333
6 0.8010416666666667 0.075 0.0291666666666666 0.0933333333333333
1 0.8208333333333333 0.49 0.0520833333333333 0.0433333333333333