10 0.053125 0.5233333333333333 0.1041666666666666 0.11
1 0.2947916666666667 0.5991666666666667 0.3125 0.4283333333333333
3 0.3166666666666666 0.3358333333333334 0.0208333333333333 0.055
3 0.4135416666666666 0.3266666666666666 0.025 0.0566666666666666
3 0.4156249999999999 0.3375 0.0166666666666666 0.055
1 0.4869791666666667 0.5116666666666667 0.0197916666666666 0.03
3 0.4921875 0.33 0.0260416666666666 0.07
3 0.4927083333333333 0.33 0.0166666666666666 0.0466666666666666
10 0.521875 0.5058333333333334 0.0291666666666666 0.0416666666666666
1 0.7973958333333333 0.6241666666666668 0.3739583333333333 0.355
3 0.6796875 0.4291666666666667 0.0197916666666666 0.055
3 0.9354166666666668 0.2583333333333333 0.0520833333333333 0.15
1 0.95 0.52 0.0645833333333333 0.0766666666666666
2 0.9557291666666666 0.5208333333333334 0.0385416666666666 0.075