1 0.0796875 0.54 0.046875 0.07
1 0.1171875 0.5391666666666667 0.046875 0.0616666666666666
1 0.3614583333333333 0.5341666666666667 0.1083333333333333 0.155
7 0.3708333333333333 0.4408333333333333 0.01875 0.0283333333333333
7 0.3713541666666666 0.4491666666666667 0.0135416666666666 0.0316666666666666
6 0.4463541666666666 0.4083333333333334 0.015625 0.04
6 0.4473958333333333 0.405 0.0114583333333333 0.03
6 0.4786458333333333 0.45 0.0177083333333333 0.03
6 0.4786458333333333 0.4508333333333333 0.0114583333333333 0.035
6 0.5364583333333334 0.425 0.0166666666666666 0.0566666666666666
6 0.5364583333333334 0.4225 0.0145833333333333 0.045
1 0.6942708333333333 0.5058333333333334 0.103125 0.0883333333333333
1 0.8401041666666667 0.6141666666666667 0.315625 0.3116666666666667