1 0.9177083333333332 0.4779166666666667 0.1635416666666666 0.1358333333333333
1 0.0278645833333333 0.5083333333333334 0.0546875 0.0566666666666666
6 0.190625 0.4041666666666667 0.01875 0.0483333333333333
4 0.2307291666666666 0.4116666666666667 0.0177083333333333 0.0366666666666666
4 0.284375 0.4566666666666667 0.0145833333333333 0.04
1 0.3864583333333333 0.485 0.0354166666666666 0.05
4 0.4604166666666666 0.4441666666666667 0.01875 0.0383333333333333
4 0.4578125 0.4441666666666667 0.0114583333333333 0.0283333333333333
1 0.50625 0.4858333333333333 0.0479166666666666 0.0616666666666666
1 0.5729166666666666 0.5016666666666667 0.0291666666666666 0.07
1 0.6109375 0.5083333333333334 0.0677083333333333 0.08