2 0.1416666666666666 0.53 0.0520833333333333 0.08
2 0.140625 0.5208333333333334 0.0229166666666666 0.065
2 0.1723958333333333 0.5275000000000001 0.0177083333333333 0.0716666666666666
4 0.2270833333333333 0.4133333333333334 0.0166666666666666 0.0533333333333333
1 0.3911458333333333 0.5975 0.203125 0.2416666666666666
4 0.5208333333333334 0.3975 0.01875 0.0583333333333333
2 0.5854166666666667 0.5391666666666667 0.0375 0.135
1 0.6479166666666667 0.515 0.1479166666666666 0.1066666666666666
2 0.5989583333333334 0.5316666666666667 0.0166666666666666 0.1633333333333333
2 0.61875 0.5175000000000001 0.0333333333333333 0.1283333333333333
2 0.6697916666666667 0.5208333333333334 0.03125 0.125
2 0.66875 0.51 0.025 0.0966666666666666
2 0.6916666666666667 0.4975 0.0208333333333333 0.0883333333333333
2 0.7197916666666666 0.4916666666666667 0.025 0.09
2 0.8322916666666667 0.4966666666666667 0.0520833333333333 0.08