1 0.0197916666666666 0.4966666666666667 0.0354166666666666 0.0566666666666666
7 0.096875 0.3716666666666667 0.01875 0.0433333333333333
6 0.1 0.3633333333333333 0.01875 0.0366666666666666
1 0.14375 0.4975 0.0479166666666666 0.0583333333333333
6 0.1583333333333333 0.3666666666666667 0.01875 0.0333333333333333
6 0.1572916666666666 0.3741666666666667 0.0145833333333333 0.0416666666666666
1 0.1807291666666666 0.485 0.0302083333333333 0.05
1 0.2078124999999999 0.4858333333333333 0.0510416666666666 0.0683333333333333
6 0.2322916666666666 0.425 0.0145833333333333 0.03
6 0.2354166666666666 0.4275 0.0145833333333333 0.0316666666666666
1 0.2838541666666667 0.485 0.0552083333333333 0.0666666666666666
1 0.353125 0.4941666666666667 0.1083333333333333 0.135
1 0.4953125 0.5183333333333333 0.0572916666666666 0.0966666666666666
1 0.5614583333333333 0.5141666666666667 0.0833333333333333 0.165
1 0.690625 0.5225000000000001 0.1833333333333333 0.195
1 0.8651041666666667 0.6000000000000001 0.2510416666666666 0.3