1 0.1369791666666666 0.5525 0.1385416666666666 0.1016666666666666
1 0.2567708333333333 0.5291666666666667 0.0364583333333333 0.0516666666666666
1 0.3463541666666667 0.5608333333333334 0.0989583333333333 0.1416666666666666
7 0.3260416666666667 0.3433333333333334 0.01875 0.05
7 0.3265625 0.345 0.015625 0.05
6 0.4151041666666666 0.3491666666666667 0.015625 0.045
6 0.4171875 0.3525 0.0177083333333333 0.0516666666666666
1 0.5005208333333333 0.5325000000000001 0.0510416666666666 0.125
6 0.4911458333333333 0.3716666666666667 0.015625 0.05
6 0.4953125 0.3716666666666667 0.0135416666666666 0.0466666666666666
6 0.5875 0.44 0.0208333333333333 0.0566666666666666
3 0.5901041666666667 0.4275 0.015625 0.0416666666666666
1 0.734375 0.5425 0.1541666666666666 0.1983333333333333
1 0.890625 0.5791666666666667 0.2145833333333333 0.2216666666666666