1 0.8624999999999999 0.5983333333333334 0.2739583333333333 0.4166666666666667
6 0.2020833333333333 0.4216666666666667 0.0125 0.03
7 0.203125 0.4316666666666667 0.0125 0.0466666666666666
1 0.2645833333333333 0.4916666666666667 0.03125 0.0433333333333333
1 0.3546875 0.4883333333333333 0.0677083333333333 0.0533333333333333
7 0.384375 0.3508333333333333 0.01875 0.0516666666666666
6 0.3895833333333333 0.3466666666666667 0.0145833333333333 0.0333333333333333
4 0.4515625 0.3616666666666667 0.0197916666666666 0.04
4 0.4520833333333333 0.3683333333333333 0.0145833333333333 0.0266666666666666
4 0.5583333333333333 0.4333333333333333 0.0145833333333333 0.0233333333333333
4 0.56875 0.4241666666666667 0.0229166666666666 0.0516666666666666
1 0.5854166666666667 0.5158333333333334 0.0375 0.1216666666666666
1 0.6645833333333333 0.5275000000000001 0.1354166666666666 0.1316666666666666
4 0.6177083333333333 0.4083333333333334 0.0125 0.0266666666666666
4 0.6208333333333333 0.4 0.0145833333333333 0.0466666666666666