1 0.0489583333333333 0.5620833333333334 0.096875 0.1491666666666666
2 0.6122395833333333 0.5 0.0109375 0.0283333333333333
2 0.5046875 0.5108333333333334 0.0104166666666666 0.0416666666666666
2 0.5700520833333333 0.5054166666666667 0.0088541666666666 0.0425
6 0.1328125 0.4633333333333334 0.009375 0.02
1 0.2052083333333333 0.5366666666666667 0.04375 0.0766666666666666
7 0.3442708333333333 0.3741666666666667 0.0135416666666666 0.035
1 0.3854166666666667 0.5158333333333334 0.0458333333333333 0.0416666666666666
6 0.4057291666666666 0.3783333333333333 0.0114583333333333 0.0333333333333333
6 0.5026041666666666 0.4516666666666667 0.0135416666666666 0.04
6 0.5453125 0.3825 0.015625 0.0416666666666666
6 0.5489583333333333 0.3841666666666667 0.0208333333333333 0.055
1 0.6265625 0.5091666666666667 0.0385416666666666 0.0416666666666666