2 0.865625 0.48625 0.0145833333333333 0.0691666666666666
3 0.0713541666666666 0.085 0.109375 0.1566666666666666
1 0.1677083333333333 0.51 0.1875 0.1566666666666666
1 0.4375 0.4908333333333333 0.0479166666666666 0.055
3 0.5703125 0.0291666666666666 0.0260416666666666 0.0566666666666666
3 0.5661458333333333 0.3608333333333333 0.0135416666666666 0.0516666666666666
3 0.6526041666666667 0.355 0.015625 0.04
4 0.7255208333333333 0.4116666666666667 0.015625 0.0466666666666666
0 0.7552083333333334 0.4816666666666667 0.0208333333333333 0.0666666666666666
3 0.8010416666666667 0.0733333333333333 0.025 0.09
2 0.8119791666666667 0.4808333333333334 0.015625 0.0516666666666666
1 0.9375 0.5066666666666667 0.11875 0.2333333333333333