1 0.0541666666666666 0.5604166666666667 0.1072916666666666 0.1991666666666667
1 0.0953125 0.5208333333333334 0.1302083333333333 0.195
1 0.2213541666666666 0.5341666666666667 0.0614583333333333 0.095
1 0.2645833333333333 0.525 0.0583333333333333 0.08
1 0.3036458333333333 0.5183333333333333 0.0447916666666666 0.0766666666666666
1 0.3729166666666667 0.5216666666666667 0.0479166666666666 0.0633333333333333
6 0.3916666666666666 0.4041666666666667 0.01875 0.0416666666666666
6 0.3916666666666666 0.4 0.0083333333333333 0.0233333333333333
1 0.4312499999999999 0.5125000000000001 0.0520833333333333 0.0783333333333333
6 0.44375 0.4041666666666667 0.0208333333333333 0.045
6 0.4869791666666667 0.4016666666666666 0.0177083333333333 0.0433333333333333
6 0.4875 0.4025 0.0104166666666666 0.0316666666666666
1 0.53125 0.5225000000000001 0.05 0.065
1 0.5890625 0.51 0.046875 0.07
6 0.6036458333333333 0.4241666666666667 0.021875 0.0616666666666666
6 0.6046875 0.4258333333333333 0.015625 0.0383333333333333
1 0.6369791666666667 0.5266666666666667 0.059375 0.0966666666666666
1 0.6880208333333333 0.5358333333333334 0.109375 0.1116666666666666