1 0.0557291666666666 0.5666666666666667 0.1072916666666666 0.14
10 0.0765625 0.4608333333333334 0.109375 0.095
10 0.0885416666666666 0.4633333333333334 0.1270833333333333 0.1166666666666666
10 0.1666666666666666 0.5058333333333334 0.0645833333333333 0.1516666666666666
1 0.2354166666666666 0.5416666666666667 0.0604166666666666 0.0666666666666666
10 0.26875 0.5108333333333334 0.0854166666666666 0.1083333333333333
1 0.3208333333333333 0.5291666666666667 0.0416666666666666 0.055
1 0.40625 0.5041666666666667 0.0708333333333333 0.125
1 0.4729166666666666 0.53 0.0395833333333333 0.06
1 0.5333333333333333 0.5316666666666667 0.0729166666666666 0.0833333333333333
1 0.8244791666666667 0.5066666666666667 0.0677083333333333 0.07