1 0.4742187499999999 0.4958333333333333 0.0286458333333333 0.03
1 0.2083333333333333 0.515 0.1416666666666666 0.0833333333333333
1 0.396875 0.4908333333333333 0.04375 0.0516666666666666
10 0.5760416666666667 0.4683333333333334 0.0729166666666666 0.07
3 0.5703125 0.0291666666666666 0.0260416666666666 0.0566666666666666
3 0.565625 0.3608333333333333 0.0125 0.0516666666666666
6 0.6526041666666667 0.355 0.015625 0.04
6 0.7260416666666667 0.405 0.0145833333333333 0.0433333333333333
6 0.7296875 0.4083333333333334 0.0135416666666666 0.0266666666666666
6 0.8015625 0.07 0.0239583333333333 0.09
1 0.8697916666666666 0.4766666666666667 0.1416666666666666 0.06
0 0.96875 0.4925 0.0291666666666666 0.1016666666666666
2 0.9744791666666668 0.4775 0.0302083333333333 0.155
2 0.9911458333333332 0.4816666666666667 0.0114583333333333 0.0833333333333333