2 0.0255208333333333 0.5366666666666667 0.046875 0.1633333333333333
2 0.040625 0.5266666666666667 0.0208333333333333 0.0566666666666666
2 0.0885416666666666 0.535 0.04375 0.1833333333333333
6 0.18125 0.41 0.0145833333333333 0.04
1 0.2515625 0.535 0.040625 0.06
1 0.3255208333333333 0.5816666666666667 0.171875 0.1966666666666666
1 0.4057291666666666 0.5225000000000001 0.046875 0.0816666666666666
2 0.4635416666666667 0.5358333333333334 0.03125 0.1316666666666666
6 0.4807291666666666 0.385 0.015625 0.0533333333333333
2 0.5817708333333333 0.5325000000000001 0.0322916666666666 0.1283333333333333
2 0.5932291666666667 0.5158333333333334 0.053125 0.155
2 0.596875 0.5166666666666667 0.0354166666666666 0.1466666666666666
2 0.6546875 0.5416666666666667 0.0322916666666666 0.1