1 0.053125 0.5575 0.06875 0.0616666666666666
1 0.203125 0.54 0.0895833333333333 0.0733333333333333
1 0.3598958333333333 0.5458333333333334 0.1135416666666666 0.1583333333333333
7 0.3661458333333333 0.4458333333333333 0.0135416666666666 0.0383333333333333
7 0.3703125 0.4475 0.0177083333333333 0.0416666666666666
6 0.4567708333333333 0.3991666666666666 0.0114583333333333 0.0316666666666666
6 0.459375 0.4075 0.0145833333333333 0.0483333333333333
6 0.4916666666666666 0.4525 0.0166666666666666 0.0383333333333333
6 0.4932291666666666 0.4558333333333333 0.0114583333333333 0.035
6 0.5708333333333333 0.4125 0.0229166666666666 0.0683333333333333
6 0.5677083333333334 0.4075 0.0145833333333333 0.045
1 0.8078124999999999 0.5075000000000001 0.1677083333333333 0.1083333333333333
1 0.8911458333333333 0.52 0.0322916666666666 0.07