10 0.08203125 0.4853515625 0.1044921875 0.08984375
1 0.09765625 0.5771484375 0.1279296875 0.171875
3 0.31640625 0.3271484375 0.01953125 0.0615234375
6 0.4140625 0.326171875 0.021484375 0.0517578125
6 0.4921875 0.328125 0.021484375 0.0634765625
1 0.5341796875 0.4892578125 0.0810546875 0.115234375
10 0.5322265625 0.4951171875 0.052734375 0.08984375
1 0.5947265625 0.5244140625 0.0966796875 0.115234375
1 0.634765625 0.54296875 0.0458984375 0.1162109375
6 0.6787109375 0.4189453125 0.0166015625 0.0517578125
6 0.9306640625 0.255859375 0.05859375 0.1650390625
2 0.9560546875 0.5205078125 0.03125 0.068359375