1 0.0682291666666666 0.555 0.0427083333333333 0.0566666666666666
1 0.1765625 0.4958333333333333 0.0885416666666666 0.0683333333333333
1 0.4723958333333333 0.4991666666666667 0.034375 0.0383333333333333
10 0.5213541666666667 0.4766666666666667 0.034375 0.0733333333333333
3 0.5703125 0.0291666666666666 0.0260416666666666 0.0566666666666666
3 0.5666666666666667 0.3608333333333333 0.0125 0.0516666666666666
6 0.653125 0.355 0.0145833333333333 0.04
6 0.7265625 0.4033333333333334 0.015625 0.0433333333333333
6 0.7296875 0.4083333333333334 0.0135416666666666 0.0266666666666666
6 0.8005208333333333 0.07 0.0239583333333333 0.09
2 0.8260416666666667 0.4775 0.03125 0.0883333333333333
2 0.8286458333333333 0.4816666666666667 0.0239583333333333 0.0566666666666666
0 0.9703125 0.4925 0.028125 0.1016666666666666
2 0.9755208333333332 0.4775 0.0302083333333333 0.155
2 0.9911458333333332 0.4816666666666667 0.0114583333333333 0.0833333333333333