1 0.2895833333333333 0.5258333333333334 0.0270833333333333 0.0483333333333333
6 0.4296875 0.4766666666666667 0.0135416666666666 0.0366666666666666
1 0.440625 0.5491666666666667 0.0333333333333333 0.1183333333333333
1 0.4963541666666666 0.5191666666666667 0.0239583333333333 0.035
4 0.5557291666666666 0.3816666666666667 0.0135416666666666 0.0433333333333333
4 0.5541666666666667 0.3875 0.0104166666666666 0.0383333333333333
1 0.5875 0.5183333333333333 0.0229166666666666 0.0366666666666666
4 0.6375 0.4533333333333333 0.0145833333333333 0.0366666666666666
4 0.6390625 0.4683333333333334 0.0114583333333333 0.0333333333333333
4 0.8213541666666666 0.4 0.015625 0.0466666666666666
4 0.8239583333333333 0.4033333333333334 0.0125 0.05
1 0.9140625 0.4966666666666667 0.1010416666666666 0.06