1 0.0208333333333333 0.5654166666666667 0.040625 0.1125
1 0.0791666666666666 0.5291666666666667 0.0166666666666666 0.0216666666666666
1 0.2411458333333333 0.4966666666666667 0.0177083333333333 0.0233333333333333
3 0.265625 0.3791666666666667 0.0208333333333333 0.0516666666666666
7 0.2640625 0.3783333333333333 0.0135416666666666 0.0433333333333333
1 0.3192708333333333 0.535 0.0177083333333333 0.0566666666666666
10 0.3515625 0.5183333333333333 0.059375 0.11
4 0.3546875 0.365 0.015625 0.0433333333333333
4 0.425 0.3658333333333333 0.0125 0.0483333333333333
4 0.7036458333333333 0.3675 0.021875 0.065
1 0.775 0.5233333333333333 0.1208333333333333 0.06