1 0.0479166666666666 0.5308333333333334 0.0625 0.0416666666666666
1 0.0598958333333333 0.5058333333333334 0.0489583333333333 0.0316666666666666
1 0.1 0.5 0.0416666666666666 0.0333333333333333
1 0.2536458333333333 0.545 0.103125 0.1
6 0.2359375 0.4541666666666667 0.0177083333333333 0.0416666666666666
1 0.3114583333333333 0.5141666666666667 0.03125 0.0383333333333333
1 0.3645833333333333 0.5083333333333334 0.04375 0.0366666666666666
6 0.3828125 0.3958333333333333 0.0135416666666666 0.035
4 0.4312499999999999 0.405 0.01875 0.03
4 0.5088541666666666 0.4483333333333333 0.0135416666666666 0.0333333333333333
4 0.5333333333333333 0.4383333333333333 0.0125 0.03
1 0.61875 0.4825 0.03125 0.0283333333333333