1 0.0484375 0.555 0.059375 0.05
1 0.1911458333333333 0.5283333333333333 0.2697916666666666 0.2866666666666667
7 0.2135416666666666 0.3433333333333334 0.0229166666666666 0.0633333333333333
3 0.2177083333333333 0.3533333333333333 0.01875 0.05
3 0.2755208333333333 0.3383333333333334 0.0197916666666666 0.0666666666666666
4 0.3677083333333333 0.3366666666666666 0.01875 0.0566666666666666
1 0.384375 0.525 0.04375 0.0666666666666666
3 0.3734375 0.345 0.0177083333333333 0.0466666666666666
4 0.4364583333333333 0.35 0.0333333333333333 0.0766666666666666
6 0.4369791666666666 0.35 0.0177083333333333 0.05
4 0.5744791666666667 0.435 0.0177083333333333 0.0633333333333333
4 0.578125 0.4283333333333333 0.0166666666666666 0.0533333333333333
1 0.8072916666666666 0.5183333333333333 0.05625 0.0866666666666666
1 0.9057291666666668 0.5141666666666667 0.1572916666666666 0.095