3 0.0635416666666666 0.0683333333333333 0.0833333333333333 0.13
1 0.2098958333333333 0.5158333333333334 0.0677083333333333 0.0816666666666666
1 0.3859375 0.5075000000000001 0.0572916666666666 0.0583333333333333
1 0.5625 0.4933333333333333 0.0625 0.0566666666666666
3 0.571875 0.0283333333333333 0.0291666666666666 0.0533333333333333
6 0.565625 0.3633333333333333 0.0145833333333333 0.0466666666666666
6 0.653125 0.3583333333333333 0.0166666666666666 0.05
6 0.6526041666666667 0.3575 0.009375 0.0383333333333333
6 0.7286458333333333 0.4191666666666667 0.0135416666666666 0.0483333333333333
6 0.8010416666666667 0.075 0.0291666666666666 0.0933333333333333
1 0.8619791666666666 0.4891666666666667 0.071875 0.055