2 0.98046875 0.53125 0.0380208333333333 0.3408333333333334
6 0.0666666666666666 0.3641666666666667 0.0270833333333333 0.0816666666666666
2 0.1703125 0.5708333333333334 0.0322916666666666 0.3716666666666667
2 0.2203125 0.5866666666666667 0.0510416666666666 0.3766666666666667
2 0.3213541666666666 0.5666666666666667 0.0989583333333333 0.3666666666666667
2 0.3197916666666666 0.5641666666666667 0.0458333333333333 0.365
2 0.3770833333333333 0.5608333333333334 0.0604166666666666 0.3183333333333333
2 0.3713541666666666 0.55 0.046875 0.2866666666666667
2 0.4671875 0.5750000000000001 0.0614583333333333 0.3733333333333333
2 0.5645833333333333 0.5558333333333334 0.0520833333333333 0.3983333333333334
6 0.5630208333333333 0.3333333333333333 0.021875 0.0533333333333333
2 0.9276041666666668 0.5375000000000001 0.0885416666666666 0.3183333333333333