1 0.1317708333333333 0.5183333333333333 0.059375 0.04
1 0.2630208333333333 0.505 0.046875 0.0766666666666666
3 0.3666666666666666 0.3741666666666667 0.0166666666666666 0.035
4 0.4234374999999999 0.3708333333333333 0.015625 0.0416666666666666
4 0.4229166666666666 0.375 0.0125 0.03
4 0.46875 0.3908333333333333 0.01875 0.0383333333333333
4 0.4677083333333333 0.3825 0.0145833333333333 0.0416666666666666
4 0.559375 0.4375 0.01875 0.045
4 0.559375 0.4416666666666667 0.0145833333333333 0.03
4 0.6645833333333333 0.405 0.0270833333333333 0.06
4 0.665625 0.4083333333333334 0.0145833333333333 0.0433333333333333