3 0.0822916666666666 0.0783333333333333 0.1645833333333333 0.1566666666666666
1 0.0833333333333333 0.5175000000000001 0.0541666666666666 0.045
1 0.3432291666666666 0.5191666666666667 0.071875 0.075
1 0.5286458333333334 0.4883333333333333 0.0177083333333333 0.05
3 0.5682291666666667 0.3608333333333333 0.0239583333333333 0.0616666666666666
3 0.6526041666666667 0.3566666666666667 0.015625 0.0433333333333333
4 0.7260416666666667 0.4175 0.0166666666666666 0.0516666666666666
6 0.8010416666666667 0.0766666666666666 0.05 0.1166666666666666
3 0.8 0.0758333333333333 0.0270833333333333 0.095
1 0.8994791666666666 0.5 0.078125 0.1133333333333333
2 0.9760416666666668 0.5016666666666667 0.0229166666666666 0.1