10 0.109375 0.505 0.1041666666666666 0.1033333333333333
10 0.1072916666666666 0.5083333333333334 0.0895833333333333 0.1
1 0.1864583333333333 0.5591666666666667 0.1291666666666666 0.1416666666666666
3 0.3260416666666667 0.34 0.01875 0.0433333333333333
6 0.4145833333333333 0.3333333333333333 0.0145833333333333 0.04
6 0.4875 0.3366666666666666 0.0125 0.04
6 0.6609375 0.42 0.0177083333333333 0.0466666666666666
6 0.659375 0.4166666666666667 0.0145833333333333 0.0333333333333333
1 0.7807291666666667 0.5175000000000001 0.1177083333333333 0.0616666666666666
6 0.8312499999999999 0.295 0.0354166666666666 0.1066666666666666
2 0.8864583333333333 0.5275000000000001 0.0270833333333333 0.0983333333333333