1 0.2125 0.4841666666666667 0.06875 0.075
7 0.2109375 0.235 0.021875 0.0766666666666666
8 0.3473958333333333 0.2416666666666666 0.021875 0.0633333333333333
8 0.4333333333333333 0.2541666666666667 0.0291666666666666 0.0583333333333333
10 0.5265625 0.455 0.0427083333333333 0.0766666666666666
10 0.525 0.4558333333333333 0.0395833333333333 0.0616666666666666
8 0.6244791666666667 0.3658333333333333 0.0197916666666666 0.055
8 0.625 0.365 0.0166666666666666 0.0533333333333333
1 0.68125 0.4908333333333333 0.1270833333333333 0.0783333333333333
8 0.8119791666666667 0.2416666666666666 0.034375 0.1166666666666666
8 0.8135416666666666 0.2483333333333333 0.0291666666666666 0.12