2 0.0171875 0.5583333333333333 0.034375 0.2166666666666666
2 0.1364583333333333 0.5425 0.01875 0.0816666666666666
2 0.1401041666666666 0.5391666666666667 0.021875 0.0816666666666666
0 0.1708333333333333 0.5391666666666667 0.0520833333333333 0.0716666666666666
7 0.2807291666666666 0.2766666666666666 0.0197916666666666 0.0633333333333333
6 0.3901041666666666 0.2858333333333333 0.0197916666666666 0.0716666666666666
0 0.4630208333333333 0.5116666666666667 0.028125 0.0366666666666666
2 0.521875 0.52 0.0208333333333333 0.0633333333333333
2 0.5229166666666667 0.5225000000000001 0.0166666666666666 0.0583333333333333
2 0.5369791666666667 0.52 0.015625 0.07
2 0.5385416666666667 0.5183333333333333 0.0166666666666666 0.0633333333333333
6 0.5630208333333333 0.4083333333333334 0.021875 0.0633333333333333
2 0.5947916666666666 0.5041666666666667 0.0229166666666666 0.0783333333333333
2 0.6161458333333333 0.4891666666666667 0.0177083333333333 0.0416666666666666
0 0.659375 0.5266666666666667 0.025 0.09
1 0.7807291666666667 0.5266666666666667 0.1572916666666666 0.0933333333333333