1 0.072265625 0.470703125 0.14453125 0.318359375
10 0.169921875 0.4365234375 0.236328125 0.236328125
6 0.3466796875 0.4052734375 0.0185546875 0.033203125
6 0.345703125 0.4033203125 0.0146484375 0.0263671875
6 0.375 0.4013671875 0.0146484375 0.0263671875
6 0.380859375 0.40625 0.0126953125 0.0283203125
6 0.42578125 0.39453125 0.0146484375 0.0302734375
6 0.4287109375 0.400390625 0.0146484375 0.0283203125
6 0.4638671875 0.3974609375 0.01953125 0.03515625
6 0.46484375 0.3984375 0.013671875 0.0302734375
1 0.5517578125 0.484375 0.08984375 0.05859375
6 0.5380859375 0.4384765625 0.0126953125 0.0263671875
6 0.6650390625 0.3916015625 0.0224609375 0.037109375