3 0.0385416666666666 0.2516666666666667 0.0208333333333333 0.0733333333333333
3 0.2463541666666666 0.3591666666666667 0.0197916666666666 0.055
3 0.3239583333333333 0.2966666666666667 0.0229166666666666 0.06
4 0.3848958333333333 0.4191666666666667 0.015625 0.035
4 0.4171875 0.4466666666666667 0.015625 0.0333333333333333
1 0.4458333333333333 0.5225000000000001 0.025 0.0416666666666666
4 0.5098958333333333 0.4058333333333334 0.0177083333333333 0.045
4 0.5078125 0.405 0.0114583333333333 0.0333333333333333
1 0.6791666666666667 0.5841666666666667 0.2291666666666666 0.2416666666666666
4 0.640625 0.4741666666666667 0.0125 0.0316666666666666
4 0.825 0.4133333333333334 0.0166666666666666 0.0566666666666666
3 0.8505208333333333 0.3625 0.0197916666666666 0.0416666666666666
3 0.8916666666666666 0.3391666666666666 0.0208333333333333 0.0616666666666666