2 0.7838541666666666 0.4520833333333333 0.01875 0.0925
2 0.8885416666666667 0.5154166666666667 0.0322916666666666 0.1175
2 0.8307291666666666 0.4983333333333333 0.0260416666666666 0.155
2 0.7731770833333333 0.5058333333333334 0.0338541666666666 0.14
2 0.746875 0.5016666666666667 0.0260416666666666 0.145
2 0.7216145833333333 0.5041666666666667 0.0244791666666666 0.145
1 0.3 0.4958333333333333 0.0208333333333333 0.055
1 0.4421875 0.4908333333333333 0.0260416666666666 0.0483333333333333
2 0.4729166666666666 0.4933333333333333 0.0104166666666666 0.0566666666666666
2 0.69375 0.5116666666666667 0.0229166666666666 0.09
2 0.9385416666666666 0.4983333333333333 0.0375 0.15