2 0.0640625 0.5408333333333334 0.0239583333333333 0.0983333333333333
2 0.0651041666666666 0.5491666666666667 0.0177083333333333 0.085
2 0.08125 0.5491666666666667 0.0291666666666666 0.095
2 0.08125 0.5508333333333334 0.0145833333333333 0.0983333333333333
1 0.2734375 0.5375000000000001 0.0322916666666666 0.085
3 0.5828125 0.3183333333333333 0.028125 0.0966666666666666
2 0.6953125 0.5033333333333334 0.034375 0.13
2 0.6979166666666666 0.5008333333333334 0.0333333333333333 0.135
2 0.746875 0.5 0.03125 0.1133333333333333
2 0.7713541666666667 0.495 0.040625 0.1633333333333333
2 0.8156249999999999 0.5008333333333334 0.05625 0.1583333333333333
2 0.8192708333333333 0.49 0.0510416666666666 0.1633333333333333
2 0.8598958333333333 0.5291666666666667 0.034375 0.0883333333333333