3 0.2760416666666667 0.28 0.025 0.0666666666666666
3 0.3880208333333333 0.2858333333333333 0.0239583333333333 0.075
2 0.4828125 0.53 0.0239583333333333 0.0666666666666666
2 0.5588541666666667 0.525 0.021875 0.08
3 0.5635416666666666 0.4158333333333333 0.0270833333333333 0.0783333333333333
2 0.5619791666666667 0.5225000000000001 0.0197916666666666 0.0783333333333333
2 0.5796875 0.5208333333333334 0.0177083333333333 0.0816666666666666
2 0.6302083333333334 0.5666666666666667 0.0854166666666666 0.21
2 0.6010416666666667 0.5275000000000001 0.0208333333333333 0.085
0 0.6515625 0.525 0.0322916666666666 0.1033333333333333
2 0.7046875 0.53 0.0260416666666666 0.0866666666666666
2 0.7291666666666666 0.5266666666666667 0.0229166666666666 0.09
2 0.7911458333333333 0.52 0.0239583333333333 0.1066666666666666
1 0.9520833333333332 0.5266666666666667 0.0916666666666666 0.0833333333333333