1 0.0619791666666666 0.5066666666666667 0.1239583333333333 0.1033333333333333
7 0.1302083333333333 0.3983333333333334 0.0229166666666666 0.0566666666666666
6 0.1296875 0.4 0.015625 0.0533333333333333
3 0.4020833333333333 0.3483333333333333 0.0145833333333333 0.04
1 0.4927083333333333 0.5091666666666667 0.0979166666666666 0.1416666666666666
6 0.4848958333333333 0.3141666666666667 0.0135416666666666 0.0516666666666666
6 0.6026041666666666 0.4 0.0177083333333333 0.0366666666666666
6 0.6057291666666667 0.4008333333333334 0.0177083333333333 0.0416666666666666
6 0.7375 0.3641666666666667 0.0229166666666666 0.0583333333333333
6 0.7401041666666667 0.3541666666666667 0.021875 0.0416666666666666
2 0.859375 0.49 0.03125 0.09
2 0.8640625 0.4941666666666667 0.028125 0.1016666666666666