0 0.0208333333333333 0.5608333333333334 0.03125 0.0883333333333333
0 0.01875 0.55 0.0166666666666666 0.0666666666666666
7 0.0260416666666666 0.4416666666666667 0.025 0.06
0 0.0505208333333333 0.5566666666666668 0.0322916666666666 0.0866666666666666
0 0.0453125 0.545 0.0135416666666666 0.0666666666666666
10 0.1505208333333333 0.5316666666666667 0.0822916666666666 0.0833333333333333
1 0.2197916666666666 0.5083333333333334 0.0666666666666666 0.0366666666666666
10 0.2208333333333333 0.52 0.05625 0.0566666666666666
10 0.30625 0.4883333333333333 0.1 0.1466666666666666
7 0.4359375 0.325 0.0197916666666666 0.06
6 0.5098958333333333 0.3258333333333333 0.0239583333333333 0.065
6 0.6489583333333333 0.4166666666666667 0.0229166666666666 0.0666666666666666