1 0.095703125 0.525390625 0.037109375 0.0595703125
10 0.23046875 0.5087890625 0.0732421875 0.0986328125
5 0.302734375 0.4169921875 0.01953125 0.0537109375
7 0.302734375 0.4267578125 0.01953125 0.056640625
1 0.34765625 0.482421875 0.01953125 0.0478515625
1 0.4697265625 0.51953125 0.072265625 0.10546875
4 0.57421875 0.2724609375 0.0185546875 0.068359375
4 0.5732421875 0.2724609375 0.017578125 0.0615234375
1 0.66015625 0.5126953125 0.072265625 0.0615234375
4 0.7353515625 0.3984375 0.015625 0.04296875
2 0.7421875 0.5087890625 0.017578125 0.06640625