1 0.1322916666666666 0.5533333333333333 0.1083333333333333 0.1
6 0.1119791666666666 0.4491666666666667 0.0177083333333333 0.0416666666666666
7 0.1135416666666666 0.4541666666666667 0.01875 0.055
1 0.3005208333333333 0.5358333333333334 0.0385416666666666 0.1183333333333333
6 0.346875 0.3616666666666667 0.0145833333333333 0.0366666666666666
7 0.3505208333333333 0.3641666666666667 0.015625 0.0483333333333333
4 0.4208333333333333 0.3608333333333333 0.0208333333333333 0.0483333333333333
4 0.4229166666666666 0.3733333333333333 0.01875 0.03
4 0.5369791666666667 0.4266666666666667 0.0239583333333333 0.05
4 0.5375 0.4433333333333333 0.0145833333333333 0.0333333333333333
4 0.6354166666666666 0.3716666666666667 0.01875 0.06
4 0.634375 0.385 0.0145833333333333 0.03
1 0.7447916666666666 0.5 0.04375 0.05