7 0.0614583333333333 0.4675 0.0166666666666666 0.0483333333333333
3 0.0677083333333333 0.4558333333333333 0.0208333333333333 0.0416666666666666
1 0.1572916666666666 0.53 0.0416666666666666 0.0633333333333333
7 0.2197916666666666 0.3758333333333333 0.01875 0.055
1 0.2765625 0.5216666666666667 0.046875 0.07
4 0.2911458333333333 0.3758333333333333 0.015625 0.045
4 0.3854166666666667 0.4583333333333333 0.0145833333333333 0.03
4 0.3885416666666667 0.4525 0.0166666666666666 0.0483333333333333
1 0.571875 0.5558333333333334 0.0875 0.1016666666666666
3 0.6010416666666667 0.3983333333333334 0.0333333333333333 0.06
3 0.6078125 0.3875 0.0260416666666666 0.085