2 0.1458333333333333 0.5008333333333334 0.0270833333333333 0.105
2 0.1625 0.5241666666666667 0.01875 0.065
2 0.3088541666666666 0.5041666666666667 0.0239583333333333 0.0683333333333333
10 0.3890625 0.485 0.1072916666666666 0.13
10 0.4932291666666666 0.4683333333333334 0.0677083333333333 0.1233333333333333
0 0.6177083333333333 0.5083333333333334 0.0291666666666666 0.0866666666666666
2 0.7848958333333333 0.475 0.0239583333333333 0.0566666666666666
2 0.7838541666666666 0.4683333333333334 0.0177083333333333 0.06
2 0.8088541666666667 0.4708333333333334 0.021875 0.0616666666666666
2 0.8197916666666667 0.4675 0.0208333333333333 0.0516666666666666
2 0.8390624999999999 0.4725 0.0260416666666666 0.085