4 0.1875 0.4208984375 0.0224609375 0.0517578125
4 0.1875 0.421875 0.0205078125 0.0595703125
2 0.224609375 0.5458984375 0.0185546875 0.0380859375
1 0.4560546875 0.5673828125 0.115234375 0.1748046875
4 0.60546875 0.400390625 0.01953125 0.0703125
2 0.6162109375 0.5341796875 0.0205078125 0.087890625
2 0.6396484375 0.5283203125 0.0263671875 0.08984375
2 0.638671875 0.5283203125 0.015625 0.080078125
2 0.6552734375 0.5234375 0.021484375 0.080078125
2 0.693359375 0.51953125 0.017578125 0.08984375
2 0.703125 0.5263671875 0.0146484375 0.080078125
2 0.9189453125 0.4951171875 0.0263671875 0.1201171875
2 0.9599609375 0.484375 0.025390625 0.0751953125