2 0.3541666666666667 0.5241666666666667 0.0270833333333333 0.145
2 0.3546875 0.53 0.021875 0.1266666666666666
2 0.378125 0.5291666666666667 0.01875 0.1516666666666666
1 0.434375 0.5208333333333334 0.0541666666666666 0.065
2 0.5354166666666667 0.5108333333333334 0.0229166666666666 0.095
2 0.5333333333333333 0.5058333333333334 0.01875 0.0783333333333333
2 0.565625 0.5041666666666667 0.0229166666666666 0.105
3 0.5817708333333333 0.3075 0.028125 0.0916666666666666
2 0.6151041666666667 0.5091666666666667 0.028125 0.125
2 0.8458333333333333 0.4933333333333333 0.0270833333333333 0.13
2 0.8734375 0.4833333333333333 0.0239583333333333 0.14
2 0.8770833333333333 0.4733333333333334 0.025 0.1366666666666667
2 0.9057291666666668 0.4866666666666667 0.0260416666666666 0.1366666666666667
2 0.90625 0.4841666666666667 0.025 0.1483333333333333
2 0.9364583333333332 0.4816666666666667 0.0333333333333333 0.1666666666666666
2 0.9520833333333332 0.4733333333333334 0.0166666666666666 0.14