10 0.0634765625 0.5068359375 0.126953125 0.1201171875
10 0.0380859375 0.5068359375 0.076171875 0.1103515625
3 0.31640625 0.3291015625 0.01953125 0.0615234375
6 0.4130859375 0.3271484375 0.0224609375 0.0537109375
6 0.416015625 0.3359375 0.0166015625 0.0546875
6 0.4921875 0.3291015625 0.0244140625 0.0654296875
6 0.4931640625 0.328125 0.0166015625 0.046875
1 0.5234375 0.5107421875 0.0595703125 0.0712890625
10 0.525390625 0.5029296875 0.0361328125 0.0615234375
6 0.6787109375 0.421875 0.0185546875 0.0537109375
1 0.9423828125 0.51953125 0.080078125 0.0595703125
6 0.931640625 0.2568359375 0.0576171875 0.1630859375
2 0.9609375 0.5234375 0.0263671875 0.06640625