3 0.0869140625 0.267578125 0.0185546875 0.068359375
1 0.349609375 0.58203125 0.2353515625 0.2451171875
3 0.26171875 0.3623046875 0.01953125 0.0546875
3 0.330078125 0.3056640625 0.0166015625 0.0478515625
4 0.3779296875 0.4091796875 0.01171875 0.025390625
4 0.4150390625 0.4404296875 0.0146484375 0.033203125
4 0.5 0.39453125 0.0185546875 0.037109375
1 0.5634765625 0.5205078125 0.033203125 0.0419921875
10 0.75390625 0.4912109375 0.0869140625 0.068359375
4 0.77734375 0.4072265625 0.017578125 0.0517578125
3 0.80859375 0.353515625 0.0166015625 0.04296875