10 0.181640625 0.4306640625 0.19140625 0.2685546875
1 0.30078125 0.484375 0.09765625 0.1279296875
6 0.349609375 0.3798828125 0.0185546875 0.033203125
6 0.349609375 0.3818359375 0.0146484375 0.0263671875
6 0.3837890625 0.380859375 0.013671875 0.0283203125
6 0.384765625 0.3798828125 0.0146484375 0.0263671875
6 0.4375 0.3779296875 0.0146484375 0.0302734375
6 0.4404296875 0.375 0.015625 0.0263671875
6 0.4765625 0.376953125 0.01953125 0.037109375
1 0.5048828125 0.5 0.068359375 0.09375
6 0.478515625 0.3779296875 0.013671875 0.0302734375
6 0.5595703125 0.4169921875 0.0126953125 0.0263671875
6 0.712890625 0.36328125 0.0224609375 0.037109375