1 0.0614583333333333 0.5520833333333334 0.0916666666666666 0.0725
7 0.33125 0.3908333333333333 0.0166666666666666 0.0416666666666666
7 0.3328125 0.3908333333333333 0.0177083333333333 0.035
1 0.378125 0.5333333333333333 0.0479166666666666 0.0666666666666666
6 0.3947916666666666 0.4008333333333334 0.0166666666666666 0.0383333333333333
6 0.3958333333333333 0.3975 0.0145833333333333 0.0383333333333333
6 0.4468749999999999 0.4191666666666667 0.0145833333333333 0.0383333333333333
6 0.4473958333333333 0.41 0.0135416666666666 0.03
3 0.5151041666666667 0.4608333333333334 0.0135416666666666 0.035
1 0.6239583333333333 0.5183333333333333 0.0395833333333333 0.0466666666666666
6 0.665625 0.4275 0.01875 0.0516666666666666
6 0.66875 0.4258333333333333 0.0208333333333333 0.0516666666666666