1 0.05078125 0.498046875 0.1005859375 0.0556640625
7 0.294921875 0.3603515625 0.0205078125 0.033203125
7 0.2978515625 0.3642578125 0.021484375 0.0546875
4 0.357421875 0.357421875 0.015625 0.03515625
4 0.3623046875 0.365234375 0.017578125 0.04296875
4 0.408203125 0.359375 0.017578125 0.044921875
4 0.4130859375 0.361328125 0.0146484375 0.037109375
1 0.4541015625 0.5068359375 0.083984375 0.1064453125
0 0.5341796875 0.494140625 0.0244140625 0.078125
0 0.5341796875 0.49609375 0.025390625 0.0751953125
4 0.5390625 0.431640625 0.013671875 0.0302734375
4 0.5654296875 0.3955078125 0.015625 0.0478515625
4 0.568359375 0.4072265625 0.0185546875 0.0654296875