10 0.0432291666666666 0.49 0.0854166666666666 0.1683333333333333
7 0.2489583333333333 0.31 0.01875 0.0533333333333333
7 0.2515625 0.3141666666666667 0.021875 0.055
4 0.3432291666666666 0.3041666666666667 0.0197916666666666 0.045
4 0.34375 0.31 0.0166666666666666 0.05
1 0.409375 0.5058333333333334 0.0354166666666666 0.105
4 0.4182291666666666 0.3116666666666667 0.021875 0.0466666666666666
4 0.4171875 0.3075 0.0177083333333333 0.045
0 0.5786458333333333 0.4958333333333333 0.028125 0.0916666666666666
0 0.5796875 0.4975 0.0239583333333333 0.0783333333333333
4 0.6015625 0.4083333333333334 0.0177083333333333 0.0366666666666666
4 0.6807291666666666 0.3283333333333333 0.0302083333333333 0.0633333333333333
4 0.684375 0.3258333333333333 0.03125 0.0716666666666666