0 0.3861979166666666 0.4808333333333334 0.0078125 0.0316666666666666
1 0.434375 0.48 0.0145833333333333 0.03
6 0.4901041666666667 0.3775 0.0135416666666666 0.0316666666666666
6 0.490625 0.3775 0.0125 0.0316666666666666
6 0.5317708333333333 0.3866666666666667 0.0135416666666666 0.0333333333333333
6 0.5317708333333333 0.3816666666666667 0.0114583333333333 0.03
6 0.5703125 0.39 0.015625 0.0333333333333333
6 0.5697916666666667 0.39 0.0104166666666666 0.03
6 0.64375 0.4325 0.0166666666666666 0.0416666666666666
6 0.6421875 0.4258333333333333 0.009375 0.0283333333333333
6 0.675 0.4166666666666667 0.0145833333333333 0.04
6 0.6760416666666667 0.4141666666666667 0.0125 0.025