1 0.86328125 0.5441666666666667 0.0755208333333333 0.055
2 0.8820312499999999 0.5429166666666667 0.0130208333333333 0.0525
3 0.0369791666666666 0.2433333333333333 0.021875 0.0766666666666666
1 0.3369791666666666 0.6241666666666668 0.2302083333333333 0.2816666666666667
3 0.2463541666666666 0.3541666666666667 0.0197916666666666 0.055
3 0.3260416666666667 0.2916666666666667 0.0229166666666666 0.06
3 0.3859375 0.4175 0.0135416666666666 0.035
4 0.3880208333333333 0.4216666666666667 0.0177083333333333 0.0333333333333333
4 0.4239583333333333 0.4475 0.0166666666666666 0.0316666666666666
4 0.5125 0.405 0.0125 0.0333333333333333
4 0.5161458333333333 0.4058333333333334 0.0177083333333333 0.045
1 0.5484375 0.5333333333333333 0.0364583333333333 0.0633333333333333
4 0.65 0.4741666666666667 0.0125 0.0316666666666666
4 0.8484375 0.4041666666666667 0.015625 0.0583333333333333
3 0.8619791666666666 0.3541666666666667 0.0197916666666666 0.0416666666666666
3 0.9135416666666668 0.3391666666666666 0.0208333333333333 0.0616666666666666