7 0.2276041666666666 0.3883333333333333 0.015625 0.0433333333333333
0 0.3229166666666667 0.4716666666666667 0.0208333333333333 0.05
1 0.4369791666666666 0.4716666666666667 0.0385416666666666 0.0566666666666666
6 0.4807291666666666 0.3125 0.0135416666666666 0.0316666666666666
6 0.4838541666666666 0.3158333333333333 0.015625 0.0416666666666666
6 0.5421875 0.3108333333333333 0.015625 0.0283333333333333
6 0.5453125 0.3208333333333333 0.015625 0.0416666666666666
6 0.6067708333333334 0.3275 0.015625 0.045
6 0.6083333333333333 0.3191666666666667 0.0166666666666666 0.035
6 0.7223958333333333 0.3925 0.0197916666666666 0.045
6 0.7229166666666667 0.3941666666666666 0.0166666666666666 0.0416666666666666
6 0.8630208333333333 0.335 0.0197916666666666 0.0666666666666666
6 0.8640625 0.34 0.015625 0.0666666666666666
1 0.9833333333333332 0.4783333333333334 0.03125 0.0633333333333333