2 0.4873046875 0.5185546875 0.0126953125 0.072265625
0 0.1015625 0.5380859375 0.021484375 0.0634765625
0 0.1044921875 0.537109375 0.0224609375 0.0634765625
10 0.2177734375 0.5048828125 0.0966796875 0.08984375
7 0.3798828125 0.3515625 0.01171875 0.04296875
1 0.4111328125 0.53515625 0.064453125 0.080078125
2 0.447265625 0.5185546875 0.013671875 0.0830078125
2 0.4521484375 0.52734375 0.0166015625 0.0712890625
6 0.455078125 0.3701171875 0.0126953125 0.0400390625
6 0.4560546875 0.3720703125 0.0126953125 0.0380859375
10 0.572265625 0.4765625 0.17578125 0.080078125
6 0.55859375 0.4296875 0.0126953125 0.013671875
6 0.55859375 0.4306640625 0.01171875 0.0185546875
6 0.66796875 0.369140625 0.0126953125 0.0380859375
6 0.669921875 0.37109375 0.01171875 0.0478515625
2 0.7529296875 0.5087890625 0.0263671875 0.09375
2 0.75390625 0.5068359375 0.025390625 0.09375