0 0.4901041666666667 0.5270833333333333 0.0489583333333333 0.0875
2 0.5463541666666667 0.5275000000000001 0.0145833333333333 0.0716666666666666
1 0.3307291666666667 0.6533333333333333 0.3260416666666667 0.41
7 0.2807291666666666 0.2766666666666666 0.0197916666666666 0.06
6 0.390625 0.2875 0.0166666666666666 0.0683333333333333
2 0.5119791666666667 0.5316666666666667 0.028125 0.0933333333333333
6 0.5630208333333333 0.4083333333333334 0.0197916666666666 0.0633333333333333
2 0.5640625 0.5241666666666667 0.021875 0.0816666666666666
2 0.5666666666666667 0.5233333333333333 0.0166666666666666 0.08
0 0.6604166666666667 0.5275000000000001 0.0375 0.0916666666666666
2 0.93125 0.5708333333333334 0.0833333333333333 0.265