2 0.3635416666666666 0.5279166666666667 0.009375 0.0525
2 0.3497395833333333 0.5291666666666667 0.0109375 0.0566666666666666
2 0.3315104166666666 0.5345833333333334 0.0119791666666666 0.0458333333333333
2 0.3098958333333333 0.5395833333333334 0.009375 0.0391666666666666
2 0.29296875 0.5408333333333334 0.0109375 0.0416666666666666
2 0.3729166666666667 0.5225000000000001 0.0114583333333333 0.0583333333333333
2 0.76328125 0.5320833333333334 0.0484375 0.2308333333333333
2 0.25625 0.5383333333333333 0.0625 0.0566666666666666
10 0.5244791666666666 0.4458333333333333 0.2697916666666666 0.295
2 0.6869791666666667 0.515 0.040625 0.2333333333333333
2 0.7307291666666667 0.5466666666666667 0.034375 0.18