0 0.7825520833333334 0.5275000000000001 0.0578124999999999 0.0966666666666666
1 0.3302083333333333 0.6516666666666667 0.325 0.41
7 0.2807291666666666 0.2758333333333334 0.0197916666666666 0.0583333333333333
6 0.390625 0.2866666666666667 0.0166666666666666 0.0633333333333333
2 0.5203125 0.5175000000000001 0.015625 0.0516666666666666
2 0.5270833333333333 0.5208333333333334 0.0125 0.065
2 0.5375 0.5158333333333334 0.0125 0.0516666666666666
6 0.5630208333333333 0.4075 0.0177083333333333 0.0583333333333333
2 0.56875 0.5241666666666667 0.0229166666666666 0.095
2 0.5901041666666667 0.5125000000000001 0.0197916666666666 0.0716666666666666
0 0.6604166666666667 0.5275000000000001 0.0375 0.0916666666666666