1 0.9404296875 0.6455078125 0.1171875 0.3125
2 0.16796875 0.5205078125 0.013671875 0.0712890625
4 0.2724609375 0.435546875 0.015625 0.0419921875
1 0.4521484375 0.5263671875 0.06640625 0.123046875
4 0.5 0.423828125 0.0205078125 0.0615234375
4 0.4990234375 0.41796875 0.0166015625 0.0380859375
2 0.5234375 0.5234375 0.0263671875 0.0966796875
2 0.5234375 0.5185546875 0.017578125 0.0869140625
2 0.5322265625 0.5205078125 0.0146484375 0.0849609375
2 0.5546875 0.5166015625 0.015625 0.09375
2 0.572265625 0.4970703125 0.021484375 0.0703125
2 0.5732421875 0.5029296875 0.0146484375 0.06640625