10 0.1650390625 0.5087890625 0.1103515625 0.11328125
1 0.2626953125 0.5439453125 0.099609375 0.111328125
7 0.365234375 0.3173828125 0.0146484375 0.044921875
10 0.5029296875 0.4765625 0.111328125 0.09375
6 0.4580078125 0.3359375 0.015625 0.0478515625
6 0.4580078125 0.3369140625 0.013671875 0.046875
1 0.572265625 0.5263671875 0.0810546875 0.1767578125
6 0.58203125 0.4140625 0.01171875 0.025390625
6 0.583984375 0.412109375 0.0107421875 0.0234375
6 0.7763671875 0.3076171875 0.0224609375 0.078125
6 0.7783203125 0.3115234375 0.0205078125 0.08984375
2 0.8916015625 0.5048828125 0.0400390625 0.126953125
2 0.8916015625 0.505859375 0.0380859375 0.115234375