0 0.0510416666666666 0.5383333333333333 0.0479166666666666 0.08
7 0.0536458333333333 0.4375 0.0197916666666666 0.0516666666666666
2 0.059375 0.5416666666666667 0.0166666666666666 0.08
0 0.0708333333333333 0.5408333333333334 0.03125 0.0716666666666666
2 0.0677083333333333 0.54 0.0145833333333333 0.0766666666666666
2 0.0807291666666666 0.5383333333333333 0.0239583333333333 0.08
0 0.0822916666666666 0.5375000000000001 0.0104166666666666 0.0683333333333333
0 0.0994791666666666 0.5425 0.021875 0.0683333333333333
0 0.0989583333333333 0.5383333333333333 0.0166666666666666 0.0666666666666666
10 0.1734375 0.5216666666666667 0.0822916666666666 0.0833333333333333
10 0.2395833333333333 0.5116666666666667 0.05625 0.0566666666666666
2 0.2848958333333333 0.5133333333333334 0.0239583333333333 0.0733333333333333
10 0.328125 0.4816666666666667 0.1 0.1466666666666666
1 0.4213541666666666 0.52 0.0239583333333333 0.0333333333333333
7 0.4484375 0.3208333333333333 0.0197916666666666 0.055
6 0.5192708333333333 0.3241666666666667 0.021875 0.0683333333333333
6 0.65625 0.4083333333333334 0.0208333333333333 0.0633333333333333
2 0.8723958333333334 0.6025 0.134375 0.445