1 0.1244791666666666 0.4825 0.0489583333333333 0.0483333333333333
1 0.2473958333333333 0.47 0.040625 0.0466666666666666
6 0.4171875 0.3208333333333333 0.0197916666666666 0.0483333333333333
7 0.4171875 0.3208333333333333 0.0197916666666666 0.045
6 0.503125 0.3166666666666667 0.025 0.0333333333333333
6 0.50625 0.3208333333333333 0.0125 0.0516666666666666
6 0.6010416666666667 0.3333333333333333 0.0229166666666666 0.04
6 0.6036458333333333 0.3258333333333333 0.0197916666666666 0.0383333333333333
6 0.6817708333333333 0.3958333333333333 0.021875 0.045
6 0.6822916666666666 0.3966666666666666 0.0166666666666666 0.05
6 0.8072916666666666 0.335 0.03125 0.09
6 0.8130208333333333 0.3241666666666667 0.0197916666666666 0.065