2 0.01875 0.59375 0.0364583333333333 0.2225
2 0.50390625 0.5533333333333333 0.0401041666666666 0.2366666666666667
2 0.1119791666666666 0.5458333333333334 0.0197916666666666 0.1016666666666666
6 0.1229166666666666 0.39 0.025 0.0733333333333333
2 0.1265625 0.5483333333333333 0.0177083333333333 0.0966666666666666
2 0.1536458333333333 0.5708333333333334 0.0302083333333333 0.275
2 0.190625 0.5741666666666667 0.0375 0.2783333333333334
2 0.2552083333333333 0.5616666666666666 0.0708333333333333 0.27
2 0.2635416666666667 0.5566666666666668 0.0395833333333333 0.2733333333333334
2 0.2994791666666667 0.53 0.034375 0.1066666666666666
2 0.2927083333333333 0.5241666666666667 0.0166666666666666 0.085
2 0.30625 0.5275000000000001 0.0145833333333333 0.0916666666666666
2 0.3588541666666666 0.5683333333333334 0.046875 0.27
2 0.4359375 0.5566666666666668 0.034375 0.3033333333333333
2 0.5489583333333333 0.5475 0.0625 0.2183333333333333
2 0.5223958333333333 0.5183333333333333 0.009375 0.1
2 0.5489583333333333 0.5425 0.0416666666666666 0.2083333333333333
6 0.5776041666666667 0.3625 0.0197916666666666 0.075
2 0.5901041666666667 0.5033333333333334 0.021875 0.0733333333333333
2 0.7244791666666667 0.5533333333333333 0.053125 0.26
2 0.7244791666666667 0.5425 0.0510416666666666 0.245
2 0.7744791666666666 0.5483333333333333 0.0552083333333333 0.26