3 0.119140625 0.2890625 0.01953125 0.0615234375
1 0.189453125 0.521484375 0.033203125 0.0302734375
3 0.279296875 0.373046875 0.017578125 0.0537109375
1 0.380859375 0.56640625 0.17578125 0.1962890625
3 0.341796875 0.3271484375 0.0166015625 0.0478515625
4 0.3828125 0.4140625 0.01171875 0.025390625
4 0.416015625 0.4404296875 0.0146484375 0.033203125
4 0.498046875 0.4013671875 0.0185546875 0.037109375
1 0.5185546875 0.5166015625 0.044921875 0.0498046875
10 0.6728515625 0.5068359375 0.064453125 0.0966796875
10 0.669921875 0.505859375 0.0556640625 0.0986328125
4 0.7470703125 0.4140625 0.015625 0.0478515625