7 0.2989583333333333 0.4241666666666667 0.0166666666666666 0.0483333333333333
7 0.3 0.42 0.0145833333333333 0.03
4 0.309375 0.3783333333333333 0.01875 0.06
4 0.3088541666666666 0.385 0.015625 0.0366666666666666
1 0.3708333333333333 0.5125000000000001 0.0354166666666666 0.0483333333333333
4 0.4322916666666667 0.3533333333333333 0.0166666666666666 0.0366666666666666
4 0.4312499999999999 0.3616666666666667 0.0145833333333333 0.0366666666666666
4 0.5270833333333333 0.42 0.0166666666666666 0.0433333333333333
4 0.5234375 0.4291666666666667 0.009375 0.0283333333333333
4 0.5833333333333334 0.3483333333333333 0.01875 0.0533333333333333
4 0.5833333333333334 0.3566666666666667 0.0145833333333333 0.03