3 0.138671875 0.3017578125 0.01953125 0.0537109375
1 0.2919921875 0.525390625 0.0810546875 0.0830078125
3 0.2900390625 0.3779296875 0.015625 0.0498046875
3 0.3486328125 0.337890625 0.0166015625 0.0478515625
4 0.3857421875 0.4140625 0.01171875 0.025390625
4 0.4169921875 0.4404296875 0.0146484375 0.033203125
1 0.4638671875 0.501953125 0.0263671875 0.0537109375
4 0.4970703125 0.4033203125 0.0185546875 0.037109375
10 0.6513671875 0.50390625 0.05859375 0.0986328125
10 0.6572265625 0.5087890625 0.056640625 0.103515625
4 0.73046875 0.41796875 0.013671875 0.046875