1 0.0953125 0.5208333333333334 0.1302083333333333 0.195
1 0.2671875 0.5266666666666667 0.0489583333333333 0.07
6 0.3916666666666666 0.4041666666666667 0.01875 0.0416666666666666
6 0.3916666666666666 0.4 0.0083333333333333 0.0233333333333333
1 0.4312499999999999 0.5125000000000001 0.0520833333333333 0.0783333333333333
6 0.44375 0.4041666666666667 0.0208333333333333 0.045
6 0.4869791666666667 0.4016666666666666 0.0177083333333333 0.0433333333333333
6 0.4875 0.4025 0.0104166666666666 0.0316666666666666
1 0.6052083333333333 0.525 0.03125 0.0633333333333333
6 0.6036458333333333 0.4241666666666667 0.021875 0.0616666666666666
6 0.6046875 0.4258333333333333 0.015625 0.0383333333333333