2 0.1791666666666666 0.5316666666666667 0.0291666666666666 0.0966666666666666
2 0.1895833333333333 0.5183333333333333 0.025 0.0833333333333333
2 0.2083333333333333 0.5616666666666666 0.0395833333333333 0.1333333333333333
2 0.2203125 0.5483333333333333 0.021875 0.13
0 0.2791666666666667 0.5208333333333334 0.0270833333333333 0.0616666666666666
0 0.2854166666666666 0.5225000000000001 0.0270833333333333 0.0716666666666666
0 0.2848958333333333 0.5183333333333333 0.0197916666666666 0.0566666666666666
2 0.2848958333333333 0.5216666666666667 0.0197916666666666 0.06
2 0.5052083333333334 0.55 0.0291666666666666 0.1166666666666666
2 0.5442708333333334 0.5358333333333334 0.034375 0.1416666666666666
1 0.61875 0.5041666666666667 0.1 0.075
2 0.9072916666666666 0.64 0.1541666666666666 0.6000000000000001
2 0.9276041666666668 0.5925 0.053125 0.4583333333333333