2 0.96875 0.5048828125 0.0546875 0.15625
2 0.921875 0.51171875 0.029296875 0.12890625
2 0.8818359375 0.4921875 0.0400390625 0.15234375
2 0.8251953125 0.501953125 0.0361328125 0.14453125
2 0.779296875 0.5068359375 0.0380859375 0.150390625
2 0.7666015625 0.4990234375 0.025390625 0.1455078125
2 0.734375 0.501953125 0.0283203125 0.150390625
2 0.7080078125 0.5205078125 0.0361328125 0.10546875
1 0.2724609375 0.4970703125 0.0244140625 0.056640625
1 0.404296875 0.5107421875 0.083984375 0.1181640625
2 0.4736328125 0.4931640625 0.0107421875 0.056640625