1 0.0556640625 0.5625 0.0439453125 0.03125
10 0.08203125 0.541015625 0.048828125 0.03125
7 0.10546875 0.4853515625 0.0126953125 0.0400390625
7 0.10546875 0.484375 0.0126953125 0.03515625
7 0.2880859375 0.4052734375 0.0107421875 0.037109375
7 0.291015625 0.4033203125 0.01171875 0.037109375
1 0.37109375 0.53515625 0.04296875 0.0537109375
4 0.36328125 0.392578125 0.01171875 0.03515625
4 0.3642578125 0.39453125 0.01171875 0.0380859375
4 0.48828125 0.4580078125 0.01171875 0.0302734375
4 0.4873046875 0.46875 0.0107421875 0.033203125