2 0.865234375 0.5107421875 0.0517578125 0.271484375
1 0.126953125 0.5517578125 0.056640625 0.0595703125
7 0.2548828125 0.306640625 0.0185546875 0.0498046875
7 0.2568359375 0.310546875 0.017578125 0.0478515625
8 0.35546875 0.294921875 0.017578125 0.04296875
8 0.3623046875 0.294921875 0.0205078125 0.0498046875
8 0.5185546875 0.412109375 0.0224609375 0.037109375
8 0.5205078125 0.4072265625 0.0126953125 0.0419921875
2 0.529296875 0.5126953125 0.01953125 0.0546875
2 0.55859375 0.501953125 0.029296875 0.0498046875
1 0.8642578125 0.4775390625 0.1396484375 0.0947265625