1 0.15625 0.51953125 0.0791015625 0.123046875
2 0.1865234375 0.546875 0.0673828125 0.236328125
2 0.2255859375 0.5302734375 0.0322265625 0.2333984375
10 0.3466796875 0.4921875 0.0634765625 0.08203125
2 0.369140625 0.4970703125 0.015625 0.1083984375
2 0.373046875 0.4970703125 0.0166015625 0.0966796875
2 0.3876953125 0.494140625 0.015625 0.0849609375
2 0.388671875 0.501953125 0.015625 0.09375
10 0.4091796875 0.474609375 0.048828125 0.099609375
10 0.4091796875 0.4755859375 0.044921875 0.0947265625
10 0.46484375 0.45703125 0.052734375 0.08984375
10 0.466796875 0.47265625 0.0478515625 0.111328125
2 0.7216796875 0.6064453125 0.08203125 0.3896484375