2 0.7978515625 0.49609375 0.0361328125 0.1748046875
1 0.32421875 0.4951171875 0.0419921875 0.0537109375
4 0.3154296875 0.29296875 0.017578125 0.0498046875
4 0.3154296875 0.2998046875 0.0166015625 0.046875
4 0.4541015625 0.3125 0.01953125 0.044921875
4 0.5966796875 0.40625 0.015625 0.0380859375
2 0.6455078125 0.474609375 0.0166015625 0.0703125
2 0.658203125 0.478515625 0.013671875 0.0595703125
2 0.6611328125 0.478515625 0.013671875 0.06640625
2 0.9150390625 0.470703125 0.021484375 0.0517578125
2 0.9111328125 0.46484375 0.01171875 0.046875
2 0.9189453125 0.4658203125 0.015625 0.044921875