1 0.0359375 0.5900000000000001 0.071875 0.1933333333333333
1 0.1786458333333333 0.5366666666666667 0.0885416666666666 0.12
2 0.2307291666666666 0.5075000000000001 0.0322916666666666 0.145
2 0.2302083333333333 0.5058333333333334 0.025 0.1416666666666666
2 0.2614583333333333 0.5091666666666667 0.025 0.1316666666666666
2 0.2614583333333333 0.5091666666666667 0.0229166666666666 0.1116666666666666
10 0.3510416666666666 0.515 0.0229166666666666 0.08
10 0.3765625 0.5075000000000001 0.0677083333333333 0.0783333333333333
10 0.4489583333333333 0.48 0.05625 0.1233333333333333
10 0.453125 0.4825 0.05625 0.1216666666666666
1 0.5109375 0.5191666666666667 0.0447916666666666 0.0583333333333333
10 0.5197916666666667 0.455 0.0583333333333333 0.0866666666666666
10 0.5171875 0.4766666666666667 0.053125 0.1266666666666666
2 0.5953125 0.5533333333333333 0.0572916666666666 0.3566666666666667
2 0.6484375 0.55 0.071875 0.3566666666666667
2 0.6682291666666667 0.5 0.028125 0.1333333333333333