2 0.2947916666666667 0.5337500000000001 0.0125 0.0541666666666666
2 0.0484375 0.5675 0.040625 0.125
2 0.0822916666666666 0.5708333333333334 0.01875 0.1083333333333333
2 0.1338541666666666 0.5508333333333334 0.028125 0.105
2 0.1755208333333333 0.5391666666666667 0.0177083333333333 0.055
2 0.2536458333333333 0.5325000000000001 0.0197916666666666 0.0516666666666666
2 0.2822916666666666 0.5333333333333333 0.0166666666666666 0.05
4 0.2911458333333333 0.4483333333333333 0.015625 0.04
1 0.5260416666666666 0.5283333333333333 0.10625 0.0766666666666666
4 0.559375 0.4341666666666667 0.01875 0.0416666666666666
1 0.8302083333333333 0.6925 0.3333333333333333 0.4083333333333334
2 0.8916666666666666 0.4475 0.0604166666666666 0.095
2 0.8947916666666667 0.4541666666666667 0.0625 0.1083333333333333