1 0.1357421875 0.5400390625 0.076171875 0.1630859375
2 0.2607421875 0.5517578125 0.0673828125 0.236328125
10 0.3583984375 0.4970703125 0.0634765625 0.08203125
2 0.376953125 0.5048828125 0.021484375 0.1201171875
2 0.3779296875 0.5087890625 0.015625 0.1083984375
2 0.3974609375 0.505859375 0.0146484375 0.0986328125
2 0.3974609375 0.509765625 0.0146484375 0.099609375
10 0.44140625 0.4833984375 0.048828125 0.099609375
10 0.4423828125 0.484375 0.044921875 0.0947265625
1 0.4912109375 0.5185546875 0.0400390625 0.0498046875
10 0.5029296875 0.45703125 0.052734375 0.08984375
10 0.5009765625 0.4755859375 0.0478515625 0.111328125
2 0.755859375 0.5 0.0283203125 0.1337890625
2 0.8251953125 0.6298828125 0.10546875 0.4697265625