1 0.8935546875 0.6650390625 0.2119140625 0.458984375
1 0.2861328125 0.53125 0.0634765625 0.05859375
7 0.3701171875 0.4443359375 0.017578125 0.03515625
7 0.369140625 0.447265625 0.013671875 0.03515625
6 0.451171875 0.4033203125 0.015625 0.0400390625
6 0.451171875 0.4013671875 0.01171875 0.0302734375
6 0.484375 0.4541015625 0.0166015625 0.0380859375
6 0.482421875 0.4560546875 0.01171875 0.03515625
6 0.544921875 0.419921875 0.0166015625 0.056640625
6 0.544921875 0.416015625 0.0146484375 0.044921875
1 0.8525390625 0.484375 0.083984375 0.10546875