1 0.2216796875 0.5341796875 0.0615234375 0.0947265625
1 0.3095703125 0.521484375 0.044921875 0.056640625
6 0.3916015625 0.404296875 0.0185546875 0.0419921875
6 0.3916015625 0.400390625 0.0087890625 0.0234375
6 0.443359375 0.404296875 0.0205078125 0.044921875
6 0.4873046875 0.4013671875 0.017578125 0.04296875
6 0.4873046875 0.40234375 0.0107421875 0.03125
1 0.53125 0.5224609375 0.0498046875 0.0654296875
6 0.603515625 0.423828125 0.021484375 0.0615234375
6 0.6044921875 0.42578125 0.015625 0.0380859375
1 0.6376953125 0.525390625 0.0595703125 0.11328125