2 0.9010416666666666 0.5983333333333334 0.0895833333333333 0.415
2 0.0255208333333333 0.5475 0.0177083333333333 0.0716666666666666
2 0.0364583333333333 0.5475 0.0166666666666666 0.0716666666666666
2 0.0479166666666666 0.5483333333333333 0.0104166666666666 0.0666666666666666
7 0.0541666666666666 0.4366666666666667 0.01875 0.05
0 0.071875 0.5383333333333333 0.0479166666666666 0.08
2 0.0807291666666666 0.5383333333333333 0.0239583333333333 0.08
0 0.0822916666666666 0.5375000000000001 0.0104166666666666 0.0683333333333333
2 0.0864583333333333 0.5383333333333333 0.0166666666666666 0.08
2 0.1020833333333333 0.5383333333333333 0.0145833333333333 0.0766666666666666
0 0.1125 0.5358333333333334 0.03125 0.0716666666666666
2 0.1171875 0.5283333333333333 0.0177083333333333 0.0633333333333333
10 0.1734375 0.5216666666666667 0.0822916666666666 0.0833333333333333
10 0.2395833333333333 0.5116666666666667 0.05625 0.0566666666666666
2 0.2848958333333333 0.5133333333333334 0.0239583333333333 0.0733333333333333
10 0.328125 0.4816666666666667 0.1 0.1466666666666666
7 0.4484375 0.3208333333333333 0.0197916666666666 0.055
2 0.5625 0.6075 0.1708333333333333 0.435
2 0.5541666666666667 0.6091666666666667 0.1479166666666666 0.425
1 0.5114583333333333 0.5108333333333334 0.0375 0.0383333333333333
6 0.5192708333333333 0.3241666666666667 0.021875 0.0683333333333333
6 0.65625 0.4083333333333334 0.0208333333333333 0.0633333333333333