7 0.2020833333333333 0.3925 0.0229166666666666 0.065
7 0.2005208333333333 0.39 0.015625 0.0433333333333333
0 0.3026041666666667 0.4683333333333334 0.0197916666666666 0.0633333333333333
6 0.4755208333333333 0.3025 0.0135416666666666 0.0316666666666666
6 0.4786458333333333 0.3108333333333333 0.015625 0.0416666666666666
6 0.5427083333333333 0.3091666666666667 0.0145833333333333 0.0483333333333333
6 0.5453125 0.3075 0.015625 0.0416666666666666
6 0.6078125 0.3166666666666667 0.015625 0.0433333333333333
6 0.6098958333333333 0.3191666666666667 0.015625 0.045
1 0.675 0.4916666666666667 0.1229166666666666 0.07
6 0.734375 0.3941666666666666 0.0166666666666666 0.0416666666666666
6 0.734375 0.3958333333333333 0.0145833333333333 0.045
6 0.9119791666666668 0.3258333333333333 0.0260416666666666 0.0816666666666666
6 0.9151041666666666 0.3208333333333333 0.021875 0.065