1 0.080078125 0.6025390625 0.1591796875 0.248046875
6 0.15234375 0.4443359375 0.017578125 0.0419921875
1 0.287109375 0.537109375 0.0849609375 0.0966796875
7 0.361328125 0.3779296875 0.015625 0.0478515625
6 0.36328125 0.3720703125 0.0146484375 0.037109375
4 0.4287109375 0.3759765625 0.0205078125 0.0478515625
4 0.4306640625 0.388671875 0.0185546875 0.0302734375
4 0.529296875 0.4462890625 0.0244140625 0.0498046875
4 0.53125 0.4580078125 0.0146484375 0.033203125
4 0.6044921875 0.400390625 0.01953125 0.0546875
4 0.603515625 0.4130859375 0.0146484375 0.0302734375
1 0.7685546875 0.5029296875 0.044921875 0.0537109375