2 0.0526041666666666 0.5733333333333334 0.0260416666666666 0.1033333333333333
2 0.0703125 0.56 0.0364583333333333 0.1266666666666666
2 0.1046875 0.5725 0.0197916666666666 0.0916666666666666
2 0.1598958333333333 0.5625 0.028125 0.105
2 0.2671875 0.5408333333333334 0.0197916666666666 0.0516666666666666
2 0.2885416666666666 0.54 0.0166666666666666 0.05
4 0.2963541666666666 0.455 0.015625 0.04
1 0.5 0.54 0.10625 0.0766666666666666
4 0.5520833333333334 0.4408333333333333 0.01875 0.0416666666666666
1 0.7494791666666667 0.6391666666666667 0.259375 0.2783333333333334
2 0.8598958333333333 0.4933333333333333 0.0635416666666666 0.16
2 0.8572916666666667 0.4783333333333334 0.05 0.11