1 0.294921875 0.529296875 0.08984375 0.0654296875
7 0.32421875 0.3623046875 0.017578125 0.03515625
7 0.326171875 0.3720703125 0.0166015625 0.0419921875
1 0.3701171875 0.533203125 0.064453125 0.0732421875
6 0.3994140625 0.373046875 0.015625 0.04296875
6 0.40234375 0.3720703125 0.0166015625 0.0380859375
6 0.46484375 0.390625 0.0146484375 0.0380859375
6 0.46484375 0.3896484375 0.015625 0.033203125
6 0.544921875 0.4453125 0.0185546875 0.046875
3 0.544921875 0.4443359375 0.013671875 0.03515625
1 0.60546875 0.5068359375 0.095703125 0.13671875
6 0.7666015625 0.3896484375 0.0205078125 0.0517578125
6 0.76953125 0.3916015625 0.025390625 0.080078125