1 0.1411458333333333 0.5158333333333334 0.1760416666666666 0.1016666666666666
6 0.0796875 0.3783333333333333 0.015625 0.0533333333333333
7 0.0828125 0.3875 0.021875 0.0716666666666666
3 0.3869791666666666 0.3308333333333333 0.015625 0.0383333333333333
1 0.4989583333333333 0.5208333333333334 0.125 0.1716666666666667
6 0.4817708333333333 0.2941666666666667 0.0135416666666666 0.0516666666666666
6 0.6130208333333333 0.3883333333333333 0.0177083333333333 0.0366666666666666
0 0.6229166666666667 0.4933333333333333 0.0333333333333333 0.1033333333333333
6 0.6161458333333333 0.3925 0.015625 0.0416666666666666
6 0.7921875 0.3308333333333333 0.021875 0.0683333333333333
6 0.7953125 0.3141666666666667 0.021875 0.0416666666666666