2 0.0289062499999999 0.6025 0.0567708333333333 0.355
2 0.0463541666666666 0.5533333333333333 0.0510416666666666 0.13
2 0.0578124999999999 0.5491666666666667 0.0364583333333333 0.1316666666666666
2 0.0677083333333333 0.5583333333333333 0.01875 0.1
1 0.1682291666666666 0.5375000000000001 0.0572916666666666 0.0683333333333333
2 0.3104166666666667 0.6016666666666667 0.0583333333333333 0.5066666666666667
2 0.4135416666666666 0.6108333333333333 0.075 0.545
2 0.4885416666666666 0.5958333333333333 0.0729166666666666 0.4783333333333334
2 0.5208333333333334 0.5875 0.13125 0.485
6 0.5265625 0.3458333333333334 0.028125 0.0816666666666666
2 0.6911458333333333 0.5958333333333333 0.078125 0.445
1 0.8526041666666666 0.5183333333333333 0.2572916666666666 0.14
2 0.8557291666666667 0.5758333333333334 0.0947916666666666 0.4983333333333333