3 0.059375 0.2591666666666666 0.01875 0.0683333333333333
1 0.3307291666666667 0.6175 0.253125 0.2916666666666667
3 0.2536458333333333 0.3575 0.0197916666666666 0.055
3 0.3239583333333333 0.3 0.0229166666666666 0.06
4 0.3791666666666666 0.4158333333333333 0.0125 0.035
4 0.409375 0.4433333333333333 0.0145833333333333 0.0333333333333333
4 0.503125 0.4025 0.01875 0.0416666666666666
1 0.6729166666666666 0.5416666666666667 0.0645833333333333 0.0733333333333333
4 0.8052083333333333 0.4091666666666667 0.0166666666666666 0.055
3 0.8302083333333333 0.3575 0.01875 0.0416666666666666
3 0.871875 0.3391666666666666 0.0208333333333333 0.0616666666666666