1 0.203125 0.5258333333333334 0.1104166666666666 0.085
7 0.3208333333333333 0.3541666666666667 0.0166666666666666 0.0516666666666666
7 0.3203125 0.36 0.015625 0.05
1 0.3604166666666666 0.5408333333333334 0.0708333333333333 0.0916666666666666
6 0.4 0.3625 0.0166666666666666 0.0383333333333333
6 0.4015625 0.3616666666666667 0.015625 0.0433333333333333
6 0.4677083333333333 0.3833333333333333 0.0145833333333333 0.0433333333333333
6 0.4682291666666666 0.385 0.0135416666666666 0.0466666666666666
1 0.5270833333333333 0.5375000000000001 0.1083333333333333 0.1283333333333333
6 0.5520833333333334 0.4483333333333333 0.0208333333333333 0.0566666666666666
3 0.5505208333333333 0.4325 0.0135416666666666 0.035
6 0.8041666666666667 0.3766666666666667 0.025 0.08
6 0.8046875 0.3758333333333333 0.0239583333333333 0.065