1 0.090625 0.5616666666666666 0.1770833333333333 0.1833333333333333
2 0.1682291666666666 0.5208333333333334 0.0135416666666666 0.0716666666666666
4 0.2723958333333333 0.4358333333333333 0.015625 0.0416666666666666
4 0.5 0.4241666666666667 0.0208333333333333 0.0616666666666666
4 0.4989583333333333 0.4175 0.0166666666666666 0.0383333333333333
2 0.5234375 0.5233333333333333 0.0260416666666666 0.0966666666666666
2 0.5234375 0.5183333333333333 0.0177083333333333 0.0866666666666666
2 0.5322916666666666 0.5208333333333334 0.0145833333333333 0.085
2 0.5546875 0.5166666666666667 0.015625 0.0933333333333333
2 0.5723958333333333 0.4966666666666667 0.021875 0.07
2 0.5729166666666666 0.5033333333333334 0.0145833333333333 0.0666666666666666
1 0.7078125 0.55 0.203125 0.23