1 0.3310546875 0.50390625 0.0673828125 0.078125
3 0.365234375 0.3603515625 0.017578125 0.037109375
4 0.4365234375 0.3623046875 0.017578125 0.0419921875
4 0.439453125 0.3642578125 0.01171875 0.03515625
4 0.4931640625 0.3623046875 0.0146484375 0.044921875
4 0.4951171875 0.365234375 0.015625 0.033203125
4 0.625 0.439453125 0.0146484375 0.0419921875
4 0.626953125 0.4345703125 0.0146484375 0.0302734375
4 0.6923828125 0.4072265625 0.017578125 0.0546875
4 0.6982421875 0.4033203125 0.0126953125 0.0400390625
1 0.859375 0.529296875 0.193359375 0.19140625