10 0.0760416666666666 0.5016666666666667 0.1083333333333333 0.0866666666666666
3 0.3182291666666667 0.3291666666666666 0.0177083333333333 0.0516666666666666
6 0.4140625 0.3258333333333333 0.0177083333333333 0.045
1 0.4937499999999999 0.5208333333333334 0.025 0.045
6 0.4916666666666666 0.3258333333333333 0.0166666666666666 0.0516666666666666
2 0.63125 0.5183333333333333 0.01875 0.0566666666666666
2 0.6322916666666667 0.5133333333333334 0.0145833333333333 0.04
6 0.6796875 0.4158333333333333 0.015625 0.045
10 0.8619791666666666 0.4791666666666667 0.203125 0.135
6 0.9307291666666666 0.2525 0.0489583333333333 0.1483333333333333
2 0.9541666666666666 0.5416666666666667 0.0291666666666666 0.12