10 0.5263671875 0.505859375 0.0517578125 0.037109375
10 0.076171875 0.501953125 0.1083984375 0.0869140625
1 0.28515625 0.5927734375 0.3232421875 0.4248046875
3 0.318359375 0.33203125 0.017578125 0.0498046875
6 0.4150390625 0.3251953125 0.0146484375 0.0400390625
6 0.4931640625 0.3271484375 0.0146484375 0.046875
2 0.5 0.53125 0.0146484375 0.0703125
6 0.681640625 0.41796875 0.0224609375 0.0615234375
6 0.6806640625 0.4150390625 0.0146484375 0.04296875
6 0.931640625 0.2470703125 0.0400390625 0.123046875
2 0.970703125 0.541015625 0.03515625 0.1181640625