1 0.3213541666666666 0.495 0.015625 0.0366666666666666
2 0.4739583333333333 0.4933333333333333 0.0104166666666666 0.0566666666666666
1 0.3395833333333333 0.4983333333333333 0.0458333333333333 0.0633333333333333
2 0.703125 0.4991666666666667 0.025 0.0716666666666666
2 0.7364583333333333 0.4966666666666667 0.03125 0.1466666666666666
2 0.7682291666666666 0.4908333333333333 0.021875 0.135
2 0.8020833333333334 0.5 0.0270833333333333 0.1333333333333333
2 0.8385416666666666 0.47 0.0291666666666666 0.0733333333333333
2 0.890625 0.46 0.025 0.09
2 0.9223958333333332 0.5133333333333334 0.0239583333333333 0.1166666666666666
2 0.9723958333333332 0.4991666666666667 0.040625 0.1483333333333333