1 0.150390625 0.525390625 0.095703125 0.0830078125
4 0.2841796875 0.1328125 0.0302734375 0.0849609375
4 0.4189453125 0.1875 0.0380859375 0.0517578125
4 0.4169921875 0.1689453125 0.0244140625 0.0947265625
2 0.595703125 0.494140625 0.0185546875 0.0615234375
2 0.5966796875 0.498046875 0.015625 0.0595703125
1 0.6435546875 0.501953125 0.029296875 0.0634765625
4 0.705078125 0.3359375 0.033203125 0.0751953125
4 0.7060546875 0.349609375 0.033203125 0.0634765625
1 0.79296875 0.4892578125 0.052734375 0.0546875
1 0.8955078125 0.482421875 0.0986328125 0.0419921875