0 0.0786458333333333 0.5016666666666667 0.0260416666666666 0.03
1 0.2338541666666666 0.4983333333333333 0.0739583333333333 0.0366666666666666
7 0.221875 0.4333333333333333 0.0145833333333333 0.0333333333333333
7 0.2229166666666666 0.43 0.0125 0.0366666666666666
0 0.271875 0.4883333333333333 0.0395833333333333 0.0633333333333333
0 0.2791666666666667 0.4891666666666667 0.0395833333333333 0.0683333333333333
7 0.3604166666666666 0.365 0.01875 0.0433333333333333
7 0.3567708333333333 0.3733333333333333 0.009375 0.03
6 0.4161458333333333 0.3625 0.0177083333333333 0.0416666666666666
6 0.4156249999999999 0.3625 0.0104166666666666 0.0283333333333333
6 0.5072916666666667 0.4241666666666667 0.0125 0.0416666666666666
6 0.5307291666666667 0.3716666666666667 0.015625 0.0433333333333333
1 0.6307291666666667 0.4666666666666667 0.0760416666666666 0.06
2 0.6135416666666667 0.4841666666666667 0.0229166666666666 0.0916666666666666