2 0.9268229166666666 0.5337500000000001 0.0203125 0.1275
0 0.9651041666666668 0.5258333333333334 0.0520833333333333 0.19
2 0.0614583333333333 0.5816666666666667 0.0104166666666666 0.0633333333333333
3 0.34375 0.2491666666666666 0.0229166666666666 0.085
1 0.4395833333333333 0.5516666666666667 0.1083333333333333 0.1533333333333333
4 0.4942708333333333 0.2575 0.0239583333333333 0.085
4 0.7927083333333333 0.4108333333333334 0.025 0.0716666666666666
0 0.8270833333333333 0.535 0.0479166666666666 0.18
0 0.8286458333333333 0.5366666666666667 0.0427083333333333 0.1866666666666666
2 0.8624999999999999 0.545 0.025 0.1166666666666666
2 0.8947916666666667 0.5425 0.0291666666666666 0.1216666666666666
2 0.9104166666666668 0.5425 0.0145833333333333 0.1316666666666666