6 0.0822916666666666 0.0783333333333333 0.1645833333333333 0.1566666666666666
1 0.0875 0.5325000000000001 0.0375 0.0516666666666666
1 0.4411458333333333 0.4991666666666667 0.028125 0.035
3 0.5682291666666667 0.3608333333333333 0.0239583333333333 0.0616666666666666
1 0.5796875 0.4941666666666667 0.0385416666666666 0.0516666666666666
3 0.6526041666666667 0.3566666666666667 0.015625 0.0433333333333333
4 0.7260416666666667 0.4158333333333333 0.0166666666666666 0.0483333333333333
2 0.7598958333333333 0.4858333333333333 0.0239583333333333 0.065
6 0.8010416666666667 0.0766666666666666 0.05 0.1166666666666666
3 0.8 0.075 0.0270833333333333 0.0933333333333333
1 0.8588541666666667 0.51 0.0739583333333333 0.1133333333333333
2 0.934375 0.4883333333333333 0.025 0.0966666666666666
2 0.9385416666666666 0.4825 0.0229166666666666 0.0783333333333333