1 0.013671875 0.47265625 0.02734375 0.05859375
1 0.1220703125 0.4755859375 0.01953125 0.0478515625
7 0.4072265625 0.30078125 0.01953125 0.044921875
7 0.4072265625 0.3056640625 0.01953125 0.0478515625
1 0.501953125 0.5166015625 0.107421875 0.13671875
6 0.5048828125 0.3056640625 0.0244140625 0.05859375
6 0.5048828125 0.306640625 0.0146484375 0.0498046875
6 0.611328125 0.3212890625 0.0185546875 0.0546875
6 0.611328125 0.3271484375 0.0185546875 0.056640625
6 0.69921875 0.392578125 0.021484375 0.044921875
6 0.703125 0.3935546875 0.0166015625 0.0498046875
6 0.8759765625 0.30859375 0.0185546875 0.1103515625
6 0.87890625 0.29296875 0.01953125 0.0654296875