2 0.60390625 0.5233333333333333 0.0161458333333333 0.0583333333333333
2 0.5854166666666667 0.5175000000000001 0.015625 0.0516666666666666
2 0.1270833333333333 0.4158333333333333 0.0145833333333333 0.0316666666666666
2 0.1494791666666666 0.5466666666666667 0.028125 0.0866666666666666
2 0.1479166666666666 0.5391666666666667 0.0125 0.0783333333333333
6 0.1567708333333333 0.4 0.015625 0.05
6 0.5166666666666666 0.3708333333333333 0.01875 0.0616666666666666
2 0.6578125 0.5383333333333333 0.021875 0.0966666666666666
2 0.7760416666666666 0.5333333333333333 0.0458333333333333 0.2133333333333333
2 0.8432291666666667 0.5283333333333333 0.0572916666666666 0.2366666666666667
2 0.9302083333333332 0.5366666666666667 0.0479166666666666 0.19