2 0.084375 0.5383333333333333 0.01875 0.075
0 0.0239583333333333 0.5404166666666667 0.046875 0.0925
2 0.1854166666666666 0.5975 0.09375 0.3716666666666667
1 0.2416666666666666 0.5241666666666667 0.0541666666666666 0.0416666666666666
2 0.2322916666666666 0.525 0.0166666666666666 0.0766666666666666
2 0.2651041666666666 0.51 0.0197916666666666 0.0766666666666666
2 0.2802083333333333 0.5141666666666667 0.0208333333333333 0.0683333333333333
2 0.2848958333333333 0.5133333333333334 0.0239583333333333 0.0733333333333333
10 0.3286458333333333 0.4708333333333334 0.1010416666666666 0.1383333333333333
2 0.3161458333333333 0.5091666666666667 0.0197916666666666 0.0783333333333333
2 0.3140625 0.5116666666666667 0.015625 0.0633333333333333
2 0.3255208333333333 0.5116666666666667 0.0114583333333333 0.0666666666666666
2 0.3411458333333333 0.5091666666666667 0.0177083333333333 0.0683333333333333
7 0.4489583333333333 0.32 0.0208333333333333 0.0533333333333333
6 0.5203125 0.3241666666666667 0.021875 0.0683333333333333
6 0.6567708333333333 0.4075 0.0197916666666666 0.0616666666666666