2 0.7841796875 0.4521484375 0.0185546875 0.0927734375
2 0.888671875 0.515625 0.0322265625 0.1171875
2 0.8310546875 0.498046875 0.0263671875 0.1552734375
2 0.7734375 0.505859375 0.0341796875 0.1396484375
2 0.7470703125 0.501953125 0.0263671875 0.14453125
2 0.7216796875 0.50390625 0.0244140625 0.14453125
1 0.1337890625 0.525390625 0.1591796875 0.091796875
1 0.3212890625 0.4951171875 0.015625 0.037109375
2 0.47265625 0.4931640625 0.0107421875 0.056640625
1 0.4833984375 0.501953125 0.013671875 0.056640625
2 0.693359375 0.51171875 0.0224609375 0.08984375
2 0.9384765625 0.498046875 0.037109375 0.150390625