3 0.1 0.2775 0.01875 0.0683333333333333
1 0.2088541666666666 0.5208333333333334 0.0239583333333333 0.0316666666666666
3 0.2703125 0.3691666666666667 0.0197916666666666 0.055
3 0.3354166666666666 0.3175 0.0166666666666666 0.0483333333333333
4 0.3807291666666667 0.4141666666666667 0.0114583333333333 0.025
4 0.4145833333333333 0.44 0.0145833333333333 0.0333333333333333
4 0.5 0.4 0.01875 0.0366666666666666
1 0.509375 0.5216666666666667 0.0354166666666666 0.05
10 0.6958333333333333 0.51 0.0708333333333333 0.0966666666666666
10 0.7067708333333333 0.5133333333333334 0.0739583333333333 0.0966666666666666
4 0.7651041666666667 0.4108333333333334 0.0177083333333333 0.0516666666666666
3 0.7989583333333333 0.3583333333333333 0.0166666666666666 0.0433333333333333
1 0.975 0.6375000000000001 0.0416666666666666 0.2016666666666667