3 0.0713541666666666 0.085 0.109375 0.1566666666666666
1 0.1765625 0.4983333333333333 0.0989583333333333 0.06
1 0.4411458333333333 0.4891666666666667 0.053125 0.0583333333333333
3 0.5703125 0.0283333333333333 0.0260416666666666 0.0566666666666666
3 0.565625 0.3608333333333333 0.0125 0.0516666666666666
3 0.6526041666666667 0.355 0.015625 0.04
4 0.7255208333333333 0.41 0.015625 0.0433333333333333
3 0.8010416666666667 0.0733333333333333 0.025 0.09
2 0.8744791666666667 0.4733333333333334 0.0239583333333333 0.07
2 0.8760416666666666 0.4816666666666667 0.0208333333333333 0.0533333333333333
0 0.9479166666666666 0.5008333333333334 0.0229166666666666 0.0983333333333333