2 0.0693359375 0.5751953125 0.0224609375 0.123046875
3 0.1162109375 0.4091796875 0.025390625 0.078125
8 0.1181640625 0.408203125 0.0244140625 0.0703125
2 0.1259765625 0.5732421875 0.037109375 0.1064453125
2 0.1201171875 0.57421875 0.0244140625 0.1083984375
2 0.1357421875 0.546875 0.015625 0.037109375
2 0.1630859375 0.5693359375 0.017578125 0.0712890625
1 0.3408203125 0.5517578125 0.07421875 0.0830078125
3 0.58984375 0.3837890625 0.0244140625 0.08203125
2 0.5986328125 0.533203125 0.01953125 0.0966796875
2 0.61328125 0.5244140625 0.0263671875 0.0947265625
2 0.6123046875 0.5244140625 0.0146484375 0.078125
2 0.63671875 0.521484375 0.01953125 0.099609375
2 0.685546875 0.5146484375 0.017578125 0.08984375
2 0.701171875 0.5234375 0.013671875 0.09375
2 0.9306640625 0.4912109375 0.0263671875 0.1220703125
2 0.9873046875 0.470703125 0.0224609375 0.0751953125