2 0.9463541666666666 0.5495833333333334 0.0270833333333333 0.1141666666666666
10 0.084375 0.4925 0.1125 0.095
1 0.2848958333333333 0.5916666666666667 0.3302083333333333 0.4233333333333333
3 0.3182291666666667 0.3291666666666666 0.0177083333333333 0.0516666666666666
6 0.4145833333333333 0.3266666666666666 0.01875 0.0466666666666666
6 0.4921875 0.3266666666666666 0.0177083333333333 0.0533333333333333
1 0.6890625 0.5625 0.1510416666666666 0.1716666666666667
2 0.6229166666666667 0.5183333333333333 0.0145833333333333 0.04
6 0.6796875 0.4175 0.015625 0.045
10 0.8328125 0.48 0.1489583333333333 0.1266666666666666
6 0.9296875 0.2575 0.0489583333333333 0.1516666666666666