1 0.03046875 0.5283333333333333 0.0598958333333333 0.1233333333333333
7 0.2427083333333333 0.4483333333333333 0.0145833333333333 0.05
6 0.2416666666666666 0.445 0.0125 0.03
1 0.3786458333333333 0.4925 0.034375 0.055
7 0.4072916666666666 0.3725 0.01875 0.0516666666666666
6 0.4083333333333333 0.3683333333333333 0.0145833333333333 0.0233333333333333
4 0.4630208333333333 0.3783333333333333 0.0197916666666666 0.04
4 0.4635416666666667 0.38 0.0145833333333333 0.0266666666666666
4 0.5604166666666667 0.4333333333333333 0.0229166666666666 0.0433333333333333
4 0.5583333333333333 0.4383333333333333 0.0145833333333333 0.0233333333333333
4 0.6052083333333333 0.4083333333333334 0.0145833333333333 0.0466666666666666
4 0.6052083333333333 0.425 0.0125 0.0266666666666666
1 0.6541666666666667 0.5266666666666667 0.0791666666666666 0.19