0 0.0307291666666666 0.5458333333333334 0.0614583333333333 0.2183333333333333
0 0.0369791666666666 0.5516666666666667 0.0447916666666666 0.09
2 0.0416666666666666 0.5483333333333333 0.0291666666666666 0.0833333333333333
2 0.040625 0.55 0.0208333333333333 0.0733333333333333
2 0.0807291666666666 0.5516666666666667 0.0177083333333333 0.0766666666666666
7 0.2807291666666666 0.2758333333333334 0.0197916666666666 0.0616666666666666
6 0.3901041666666666 0.2866666666666667 0.0177083333333333 0.07
2 0.5234375 0.5241666666666667 0.0135416666666666 0.055
6 0.5625 0.4083333333333334 0.0208333333333333 0.0633333333333333
0 0.6609375 0.5241666666666667 0.028125 0.085
0 0.7786458333333334 0.5266666666666667 0.0614583333333333 0.0966666666666666
0 0.8598958333333333 0.5216666666666667 0.065625 0.0933333333333333