2 0.0151041666666666 0.5341666666666667 0.021875 0.0983333333333333
2 0.0578124999999999 0.5516666666666667 0.0364583333333333 0.1466666666666666
2 0.0864583333333333 0.5383333333333333 0.0145833333333333 0.0666666666666666
1 0.2817708333333333 0.5291666666666667 0.021875 0.0483333333333333
2 0.4598958333333333 0.5266666666666667 0.021875 0.1266666666666666
2 0.4645833333333333 0.5125000000000001 0.0270833333333333 0.145
2 0.4927083333333333 0.5241666666666667 0.01875 0.1516666666666666
2 0.5614583333333333 0.5058333333333334 0.0229166666666666 0.095
2 0.5630208333333333 0.5125000000000001 0.015625 0.075
2 0.5760416666666667 0.5025000000000001 0.0208333333333333 0.095
3 0.5817708333333333 0.3083333333333333 0.028125 0.0933333333333333
2 0.575 0.4991666666666667 0.0145833333333333 0.0816666666666666
2 0.596875 0.4975 0.0229166666666666 0.105
2 0.8239583333333333 0.4941666666666667 0.0270833333333333 0.1316666666666666
2 0.8276041666666667 0.4966666666666667 0.0239583333333333 0.14
2 0.8302083333333333 0.4975 0.0104166666666666 0.1616666666666666
2 0.8401041666666667 0.485 0.0239583333333333 0.14
2 0.8427083333333333 0.4925 0.025 0.1383333333333333
2 0.8781249999999999 0.4641666666666666 0.0333333333333333 0.115
2 0.9041666666666668 0.435 0.0229166666666666 0.0466666666666666
2 0.9203125 0.425 0.0135416666666666 0.0433333333333333