2 0.6923828125 0.5029296875 0.0166015625 0.0595703125
0 0.1416015625 0.5263671875 0.021484375 0.0634765625
0 0.14453125 0.533203125 0.0224609375 0.0634765625
1 0.2998046875 0.5283203125 0.0205078125 0.037109375
7 0.3837890625 0.35546875 0.0126953125 0.0380859375
6 0.4560546875 0.3720703125 0.013671875 0.03515625
6 0.455078125 0.3720703125 0.0107421875 0.0302734375
2 0.458984375 0.5146484375 0.0185546875 0.06640625
10 0.591796875 0.478515625 0.173828125 0.0732421875
1 0.55078125 0.52734375 0.0751953125 0.091796875
6 0.55078125 0.4287109375 0.0126953125 0.013671875
6 0.552734375 0.4306640625 0.01171875 0.0185546875
6 0.642578125 0.37890625 0.0126953125 0.03515625
6 0.6435546875 0.3740234375 0.0126953125 0.0380859375
2 0.7177734375 0.5009765625 0.017578125 0.08203125
2 0.7216796875 0.5029296875 0.01953125 0.0830078125