10 0.302734375 0.4990234375 0.1103515625 0.1787109375
1 0.3681640625 0.53515625 0.0224609375 0.0869140625
3 0.396484375 0.39453125 0.015625 0.0419921875
6 0.4609375 0.3916015625 0.017578125 0.046875
6 0.458984375 0.390625 0.0107421875 0.03125
10 0.5439453125 0.4775390625 0.103515625 0.1845703125
1 0.72265625 0.4794921875 0.10546875 0.078125
2 0.6865234375 0.5048828125 0.015625 0.0634765625
2 0.685546875 0.5048828125 0.013671875 0.0537109375
2 0.6982421875 0.5029296875 0.015625 0.0517578125
2 0.7021484375 0.5087890625 0.0107421875 0.0615234375
2 0.71484375 0.5 0.0126953125 0.056640625
2 0.716796875 0.49609375 0.0146484375 0.044921875