1 0.1416015625 0.515625 0.17578125 0.1015625
6 0.080078125 0.3779296875 0.015625 0.0537109375
7 0.0830078125 0.3876953125 0.021484375 0.0712890625
3 0.38671875 0.3310546875 0.015625 0.0380859375
1 0.4990234375 0.5205078125 0.125 0.171875
6 0.4814453125 0.2939453125 0.013671875 0.0517578125
6 0.61328125 0.388671875 0.017578125 0.037109375
0 0.623046875 0.4931640625 0.033203125 0.103515625
6 0.6162109375 0.392578125 0.015625 0.0419921875
6 0.7919921875 0.3310546875 0.021484375 0.068359375
6 0.794921875 0.314453125 0.021484375 0.0419921875