1 0.0908203125 0.5546875 0.0439453125 0.037109375
10 0.12109375 0.5419921875 0.04296875 0.033203125
7 0.140625 0.482421875 0.0126953125 0.03515625
7 0.1416015625 0.4853515625 0.0126953125 0.0400390625
7 0.3056640625 0.4091796875 0.01171875 0.03515625
7 0.306640625 0.41015625 0.013671875 0.037109375
1 0.3203125 0.53125 0.017578125 0.01953125
4 0.373046875 0.4033203125 0.009765625 0.037109375
4 0.3740234375 0.40234375 0.01171875 0.03515625
4 0.4853515625 0.4619140625 0.01171875 0.0302734375
4 0.486328125 0.46875 0.0107421875 0.033203125
1 0.5849609375 0.5146484375 0.0810546875 0.044921875