6 0.0604166666666666 0.4575 0.0208333333333333 0.0416666666666666
7 0.0625 0.4691666666666667 0.0166666666666666 0.0483333333333333
1 0.1317708333333333 0.5358333333333334 0.0447916666666666 0.075
7 0.2177083333333333 0.3741666666666667 0.01875 0.055
1 0.2755208333333333 0.5183333333333333 0.046875 0.07
4 0.2880208333333333 0.3775 0.015625 0.045
1 0.4624999999999999 0.5425 0.1791666666666666 0.2616666666666666
4 0.3802083333333333 0.4583333333333333 0.0145833333333333 0.03
4 0.3822916666666666 0.4475 0.0166666666666666 0.0483333333333333
3 0.596875 0.3983333333333334 0.0333333333333333 0.06
3 0.6005208333333333 0.3875 0.0260416666666666 0.085