1 0.2984375 0.5158333333333334 0.046875 0.0316666666666666
6 0.4666666666666667 0.3591666666666667 0.0166666666666666 0.035
6 0.5338541666666666 0.4366666666666667 0.015625 0.04
6 0.5364583333333334 0.3741666666666667 0.0166666666666666 0.0416666666666666
1 0.5432291666666667 0.5133333333333334 0.0197916666666666 0.0633333333333333
6 0.575 0.4658333333333334 0.0104166666666666 0.0283333333333333
6 0.6213541666666667 0.4441666666666667 0.015625 0.0416666666666666
6 0.6479166666666667 0.4275 0.0166666666666666 0.035
2 0.834375 0.5091666666666667 0.025 0.085
2 0.834375 0.495 0.01875 0.07
2 0.8807291666666667 0.5058333333333334 0.021875 0.0783333333333333
2 0.8833333333333333 0.4933333333333333 0.0229166666666666 0.0833333333333333