10 0.2265625 0.4345703125 0.1630859375 0.1787109375
1 0.3349609375 0.47265625 0.06640625 0.087890625
6 0.3349609375 0.3916015625 0.0185546875 0.033203125
6 0.333984375 0.396484375 0.0146484375 0.0263671875
6 0.365234375 0.3916015625 0.0146484375 0.0263671875
6 0.3701171875 0.39453125 0.0126953125 0.0283203125
6 0.41015625 0.3896484375 0.0146484375 0.0302734375
6 0.4150390625 0.3896484375 0.0146484375 0.0283203125
6 0.4443359375 0.3916015625 0.0146484375 0.037109375
6 0.4462890625 0.3935546875 0.013671875 0.0302734375
6 0.515625 0.4248046875 0.0126953125 0.0263671875
1 0.7314453125 0.4638671875 0.0537109375 0.0478515625