2 0.58515625 0.5083333333333334 0.0140625 0.0416666666666666
2 0.63671875 0.5045833333333334 0.0119791666666666 0.0408333333333333
6 0.090625 0.465 0.025 0.0466666666666666
6 0.0885416666666666 0.4683333333333334 0.0125 0.03
1 0.1854166666666666 0.5408333333333334 0.0916666666666666 0.0883333333333333
7 0.328125 0.36 0.0145833333333333 0.04
7 0.3296875 0.3575 0.0135416666666666 0.035
6 0.3984375 0.3616666666666667 0.0114583333333333 0.0333333333333333
6 0.5088541666666666 0.4383333333333333 0.0135416666666666 0.04
6 0.5755208333333334 0.3525 0.0239583333333333 0.065
6 0.575 0.355 0.0145833333333333 0.0633333333333333