10 0.1317708333333333 0.4966666666666667 0.1322916666666666 0.13
10 0.1307291666666666 0.4975 0.1239583333333333 0.135
1 0.3838541666666666 0.5575 0.128125 0.1683333333333333
7 0.3557291666666666 0.2866666666666667 0.015625 0.05
10 0.5114583333333333 0.4833333333333333 0.1291666666666666 0.1266666666666666
6 0.4598958333333333 0.3091666666666667 0.015625 0.0483333333333333
6 0.4598958333333333 0.31 0.0135416666666666 0.0466666666666666
6 0.6026041666666666 0.4 0.015625 0.04
6 0.6015625 0.4025 0.0114583333333333 0.045
6 0.8958333333333334 0.2383333333333333 0.03125 0.12
6 0.8958333333333334 0.2366666666666667 0.0291666666666666 0.1033333333333333