10 0.0595703125 0.513671875 0.119140625 0.1171875
3 0.31640625 0.33203125 0.01953125 0.05859375
6 0.4140625 0.326171875 0.0244140625 0.0546875
6 0.416015625 0.3359375 0.0166015625 0.0546875
1 0.4697265625 0.5390625 0.0791015625 0.1279296875
6 0.4921875 0.3291015625 0.0244140625 0.068359375
6 0.4931640625 0.328125 0.0166015625 0.046875
6 0.6787109375 0.423828125 0.0185546875 0.0546875
1 0.9423828125 0.51953125 0.080078125 0.0595703125
6 0.9326171875 0.2578125 0.0556640625 0.158203125
2 0.958984375 0.5234375 0.0263671875 0.06640625