2 0.0130208333333333 0.5695833333333333 0.0177083333333333 0.0908333333333333
2 0.6255208333333333 0.5458333333333334 0.0416666666666666 0.1466666666666666
1 0.9182291666666668 0.7783333333333334 0.1625 0.4416666666666667
2 0.159375 0.5791666666666667 0.025 0.145
2 0.1604166666666666 0.5841666666666667 0.01875 0.145
2 0.1859375 0.5716666666666667 0.028125 0.1633333333333333
6 0.19375 0.42 0.01875 0.06
2 0.2442708333333333 0.5616666666666666 0.0385416666666666 0.1766666666666666
2 0.2411458333333333 0.5641666666666667 0.0260416666666666 0.1716666666666667
2 0.2859375 0.5683333333333334 0.028125 0.16
2 0.3083333333333333 0.5733333333333334 0.01875 0.1733333333333333
2 0.3078125 0.5541666666666667 0.015625 0.1516666666666666
2 0.3348958333333333 0.5516666666666667 0.0260416666666666 0.17
2 0.3911458333333333 0.5341666666666667 0.046875 0.095
2 0.4041666666666667 0.5391666666666667 0.0145833333333333 0.0916666666666666
2 0.4546874999999999 0.5283333333333333 0.0302083333333333 0.0866666666666666
2 0.5328125 0.55 0.053125 0.1666666666666666
2 0.5213541666666667 0.5383333333333333 0.0239583333333333 0.16
2 0.5223958333333333 0.5458333333333334 0.021875 0.1683333333333333
6 0.56875 0.4025 0.0208333333333333 0.0583333333333333
2 0.6536458333333334 0.5425 0.0364583333333333 0.1483333333333333
2 0.6520833333333333 0.5425 0.0208333333333333 0.1483333333333333
2 0.8416666666666667 0.4375 0.0270833333333333 0.0616666666666666