6 0.0822916666666666 0.0783333333333333 0.1645833333333333 0.1566666666666666
1 0.1708333333333333 0.5033333333333334 0.1020833333333333 0.0633333333333333
1 0.4541666666666666 0.5025000000000001 0.025 0.0483333333333333
3 0.5682291666666667 0.3608333333333333 0.0239583333333333 0.0616666666666666
1 0.5953125 0.4975 0.034375 0.0483333333333333
3 0.6526041666666667 0.3566666666666667 0.015625 0.0433333333333333
4 0.7260416666666667 0.4166666666666667 0.0166666666666666 0.05
6 0.8010416666666667 0.0766666666666666 0.05 0.1166666666666666
3 0.8 0.075 0.0270833333333333 0.0933333333333333
2 0.9677083333333332 0.4783333333333334 0.025 0.0966666666666666
2 0.971875 0.4891666666666667 0.0229166666666666 0.0783333333333333