10 0.0895833333333333 0.51 0.0520833333333333 0.06
2 0.1114583333333333 0.5325000000000001 0.0166666666666666 0.0716666666666666
2 0.1145833333333333 0.5341666666666667 0.01875 0.0816666666666666
0 0.2880208333333333 0.515 0.028125 0.0533333333333333
7 0.4197916666666667 0.4433333333333333 0.0166666666666666 0.0433333333333333
7 0.4203125 0.4441666666666667 0.0135416666666666 0.0416666666666666
1 0.5291666666666667 0.4991666666666667 0.0354166666666666 0.035
10 0.5791666666666666 0.4666666666666667 0.0666666666666666 0.0833333333333333
7 0.6515625 0.3758333333333333 0.0135416666666666 0.0416666666666666
2 0.6661458333333333 0.4991666666666667 0.028125 0.0983333333333333
6 0.696875 0.3716666666666667 0.01875 0.05
2 0.6989583333333333 0.505 0.01875 0.0866666666666666
2 0.7270833333333333 0.5025000000000001 0.03125 0.095
2 0.7890625 0.48 0.0322916666666666 0.1666666666666666
2 0.8229166666666666 0.4783333333333334 0.0333333333333333 0.16