2 0.6236979166666666 0.5 0.0109375 0.0416666666666666
2 0.57578125 0.50375 0.0109375 0.0425
2 0.509375 0.5108333333333334 0.0114583333333333 0.045
6 0.1109375 0.47 0.0197916666666666 0.0433333333333333
6 0.1114583333333333 0.4683333333333334 0.0125 0.03
1 0.1609375 0.5391666666666667 0.0635416666666666 0.0916666666666666
7 0.3354166666666666 0.3616666666666667 0.0145833333333333 0.04
7 0.3401041666666666 0.3658333333333333 0.0135416666666666 0.035
6 0.4036458333333333 0.3633333333333333 0.0114583333333333 0.0333333333333333
6 0.5078125 0.44 0.0135416666666666 0.04
6 0.5640625 0.3641666666666667 0.0239583333333333 0.065
6 0.5614583333333333 0.3716666666666667 0.0145833333333333 0.0633333333333333