1 0.021484375 0.5478515625 0.029296875 0.0478515625
6 0.060546875 0.45703125 0.0205078125 0.0419921875
7 0.0625 0.46875 0.0166015625 0.0478515625
7 0.2177734375 0.3740234375 0.0185546875 0.0546875
1 0.2509765625 0.521484375 0.0224609375 0.04296875
4 0.2880859375 0.3779296875 0.015625 0.044921875
1 0.33984375 0.5146484375 0.0498046875 0.068359375
4 0.3798828125 0.4580078125 0.0146484375 0.0302734375
4 0.3818359375 0.447265625 0.0166015625 0.0478515625
3 0.5966796875 0.3984375 0.033203125 0.0595703125
3 0.6005859375 0.3876953125 0.0263671875 0.0849609375