7 0.2080078125 0.4765625 0.0263671875 0.0400390625
6 0.205078125 0.4775390625 0.013671875 0.0419921875
7 0.361328125 0.443359375 0.017578125 0.0400390625
6 0.359375 0.4404296875 0.0146484375 0.0302734375
4 0.3642578125 0.41015625 0.015625 0.037109375
4 0.3662109375 0.40625 0.017578125 0.0400390625
4 0.45703125 0.38671875 0.0146484375 0.037109375
1 0.46875 0.5029296875 0.03515625 0.0498046875
4 0.525390625 0.4453125 0.0166015625 0.04296875
4 0.525390625 0.4453125 0.0107421875 0.0302734375
4 0.544921875 0.4130859375 0.0185546875 0.0537109375
4 0.5439453125 0.419921875 0.01171875 0.033203125