1 0.1151041666666666 0.5025000000000001 0.109375 0.1283333333333333
1 0.3375 0.4925 0.0333333333333333 0.045
3 0.3526041666666666 0.3541666666666667 0.015625 0.0416666666666666
4 0.4114583333333333 0.3566666666666667 0.0166666666666666 0.0433333333333333
4 0.4145833333333333 0.3583333333333333 0.01875 0.0266666666666666
4 0.4614583333333333 0.3608333333333333 0.0145833333333333 0.0416666666666666
4 0.4666666666666667 0.3741666666666667 0.01875 0.0383333333333333
4 0.565625 0.4333333333333333 0.0145833333333333 0.03
4 0.56875 0.4258333333333333 0.01875 0.045
4 0.7010416666666667 0.3875 0.01875 0.0416666666666666
4 0.7067708333333333 0.3791666666666667 0.0260416666666666 0.0683333333333333