5 0.0546875 0.4641666666666666 0.0364583333333333 0.11
10 0.1755208333333333 0.4916666666666667 0.1197916666666666 0.1933333333333333
10 0.2546875 0.4975 0.046875 0.095
7 0.3114583333333333 0.4266666666666667 0.01875 0.05
5 0.3114583333333333 0.425 0.0166666666666666 0.05
1 0.3755208333333333 0.5025000000000001 0.053125 0.085
1 0.4781249999999999 0.4675 0.0166666666666666 0.025
4 0.5302083333333333 0.3025 0.0166666666666666 0.055
4 0.5322916666666666 0.3 0.01875 0.0533333333333333
4 0.6645833333333333 0.4025 0.0166666666666666 0.0416666666666666
2 0.6692708333333334 0.4883333333333333 0.0177083333333333 0.0666666666666666
1 0.8177083333333334 0.5041666666666667 0.1375 0.0683333333333333