0 0.0771484375 0.5966796875 0.0595703125 0.1103515625
2 0.1025390625 0.5498046875 0.0263671875 0.103515625
2 0.1298828125 0.546875 0.029296875 0.1064453125
2 0.1533203125 0.5576171875 0.0146484375 0.078125
2 0.1806640625 0.5458984375 0.0224609375 0.0986328125
2 0.2900390625 0.5322265625 0.01953125 0.0517578125
4 0.3037109375 0.453125 0.015625 0.0400390625
1 0.4677734375 0.525390625 0.0283203125 0.04296875
4 0.5380859375 0.4423828125 0.0185546875 0.0419921875
1 0.7294921875 0.6162109375 0.240234375 0.3154296875
2 0.7685546875 0.451171875 0.041015625 0.0478515625
2 0.7705078125 0.4501953125 0.01953125 0.0400390625