6 0.0830078125 0.0791015625 0.166015625 0.158203125
1 0.287109375 0.5234375 0.095703125 0.0830078125
1 0.552734375 0.4921875 0.0263671875 0.0419921875
3 0.568359375 0.3603515625 0.0244140625 0.0615234375
1 0.62109375 0.4892578125 0.0419921875 0.0478515625
3 0.65234375 0.3564453125 0.015625 0.04296875
4 0.7255859375 0.416015625 0.0166015625 0.0478515625
2 0.759765625 0.4853515625 0.0244140625 0.0654296875
6 0.80078125 0.0771484375 0.0498046875 0.1162109375
3 0.7998046875 0.0751953125 0.02734375 0.09375
2 0.9345703125 0.48828125 0.025390625 0.0966796875
2 0.9384765625 0.482421875 0.0224609375 0.078125