2 0.4869791666666667 0.51875 0.0125 0.0725
0 0.1015625 0.5383333333333333 0.021875 0.0633333333333333
0 0.1041666666666666 0.5366666666666667 0.0229166666666666 0.0633333333333333
10 0.2182291666666666 0.505 0.096875 0.09
1 0.2375 0.5333333333333333 0.0958333333333333 0.04
7 0.3796875 0.3516666666666667 0.0114583333333333 0.0433333333333333
2 0.4473958333333333 0.5183333333333333 0.0135416666666666 0.0833333333333333
2 0.4520833333333333 0.5275000000000001 0.0166666666666666 0.0716666666666666
6 0.4552083333333333 0.37 0.0125 0.04
6 0.45625 0.3725 0.0125 0.0383333333333333
10 0.5723958333333333 0.4766666666666667 0.1760416666666666 0.08
1 0.5328125 0.5225000000000001 0.078125 0.1116666666666666
6 0.5583333333333333 0.43 0.0125 0.0133333333333333
6 0.5588541666666667 0.4308333333333333 0.0114583333333333 0.0183333333333333
6 0.6677083333333333 0.3691666666666667 0.0125 0.0383333333333333
6 0.6703125 0.3708333333333333 0.0114583333333333 0.0483333333333333
2 0.7526041666666666 0.5083333333333334 0.0260416666666666 0.0933333333333333
2 0.7541666666666667 0.5066666666666667 0.025 0.0933333333333333