3 0.2760416666666667 0.28 0.025 0.0666666666666666
3 0.3880208333333333 0.2858333333333333 0.0239583333333333 0.075
2 0.4828125 0.5283333333333333 0.0239583333333333 0.0666666666666666
3 0.5635416666666666 0.4158333333333333 0.0270833333333333 0.0783333333333333
2 0.5671875 0.5266666666666667 0.021875 0.08
2 0.5682291666666667 0.5258333333333334 0.0197916666666666 0.075
2 0.5838541666666667 0.525 0.0197916666666666 0.08
2 0.603125 0.5283333333333333 0.0208333333333333 0.0866666666666666
2 0.6130208333333333 0.5241666666666667 0.0239583333333333 0.0916666666666666
0 0.6421875 0.5275000000000001 0.021875 0.0883333333333333
0 0.653125 0.5241666666666667 0.0291666666666666 0.1016666666666666
2 0.6828125 0.5666666666666667 0.084375 0.2166666666666666
2 0.7072916666666667 0.5325000000000001 0.025 0.0916666666666666
2 0.7979166666666666 0.5216666666666667 0.0229166666666666 0.1033333333333333