1 0.0880208333333333 0.5933333333333334 0.1739583333333333 0.4033333333333334
7 0.190625 0.2133333333333333 0.0208333333333333 0.0833333333333333
4 0.3244791666666666 0.2091666666666666 0.0239583333333333 0.0683333333333333
4 0.3260416666666667 0.2233333333333333 0.0270833333333333 0.0433333333333333
1 0.334375 0.4925 0.0291666666666666 0.0416666666666666
4 0.4312499999999999 0.2466666666666666 0.03125 0.04
4 0.4333333333333333 0.2283333333333333 0.025 0.0666666666666666
2 0.5744791666666667 0.48 0.021875 0.0666666666666666
2 0.5791666666666666 0.4825 0.0166666666666666 0.0416666666666666
4 0.6520833333333333 0.3591666666666667 0.0229166666666666 0.055
4 0.6609375 0.3683333333333333 0.0302083333333333 0.0433333333333333
1 0.6776041666666667 0.4808333333333334 0.053125 0.0716666666666666
4 0.7463541666666667 0.2358333333333333 0.046875 0.125
4 0.746875 0.27 0.0354166666666666 0.05