0 0.3291666666666666 0.4808333333333334 0.0541666666666666 0.0716666666666666
0 0.3296875 0.4808333333333334 0.0177083333333333 0.0616666666666666
5 0.3479166666666666 0.2666666666666666 0.01875 0.0566666666666666
5 0.3484375 0.2683333333333333 0.015625 0.0566666666666666
0 0.38125 0.4791666666666667 0.0520833333333333 0.0683333333333333
0 0.38125 0.4783333333333334 0.0166666666666666 0.0533333333333333
0 0.4458333333333333 0.4775 0.0416666666666666 0.0583333333333333
0 0.4411458333333333 0.4791666666666667 0.0197916666666666 0.0583333333333333
3 0.4510416666666667 0.3591666666666667 0.0166666666666666 0.0616666666666666
3 0.4515625 0.3633333333333333 0.0177083333333333 0.0666666666666666
4 0.6854166666666667 0.225 0.04375 0.14
4 0.6838541666666667 0.2183333333333333 0.0385416666666666 0.13