1 0.2807291666666666 0.5591666666666667 0.1135416666666666 0.125
4 0.4010416666666667 0.4175 0.0104166666666666 0.025
4 0.40625 0.4125 0.0104166666666666 0.0316666666666666
4 0.4468749999999999 0.4266666666666667 0.0104166666666666 0.0266666666666666
4 0.4473958333333333 0.4266666666666667 0.009375 0.0233333333333333
4 0.4958333333333333 0.4766666666666667 0.0125 0.03
4 0.5067708333333333 0.4641666666666666 0.009375 0.035
4 0.5067708333333333 0.465 0.009375 0.0333333333333333
2 0.521875 0.5358333333333334 0.0104166666666666 0.065
2 0.5229166666666667 0.535 0.0125 0.0633333333333333
2 0.53125 0.5375000000000001 0.0125 0.065
2 0.5338541666666666 0.5325000000000001 0.009375 0.065
2 0.5479166666666666 0.5341666666666667 0.0145833333333333 0.065
2 0.5489583333333333 0.5316666666666667 0.0125 0.0666666666666666
2 0.5598958333333334 0.5283333333333333 0.0135416666666666 0.0766666666666666
2 0.5619791666666667 0.5316666666666667 0.0114583333333333 0.0666666666666666