7 0.099609375 0.431640625 0.0244140625 0.06640625
1 0.2802734375 0.5380859375 0.0830078125 0.080078125
6 0.4580078125 0.3017578125 0.0166015625 0.046875
7 0.4599609375 0.30078125 0.0146484375 0.0419921875
10 0.525390625 0.501953125 0.064453125 0.126953125
1 0.560546875 0.5146484375 0.0341796875 0.056640625
4 0.55859375 0.2939453125 0.0185546875 0.05859375
4 0.5576171875 0.2958984375 0.013671875 0.05859375
0 0.6630859375 0.517578125 0.017578125 0.0654296875
4 0.7060546875 0.4228515625 0.021484375 0.0712890625
4 0.7099609375 0.4140625 0.0126953125 0.0380859375