1 0.2489583333333333 0.4991666666666667 0.0354166666666666 0.0716666666666666
7 0.2833333333333333 0.2933333333333333 0.0229166666666666 0.06
4 0.3739583333333333 0.2975 0.01875 0.055
4 0.3755208333333333 0.3116666666666667 0.015625 0.03
4 0.4458333333333333 0.315 0.01875 0.0533333333333333
4 0.4468749999999999 0.3233333333333333 0.0145833333333333 0.0266666666666666
2 0.5541666666666667 0.4875 0.0166666666666666 0.0416666666666666
4 0.5973958333333333 0.4033333333333334 0.0177083333333333 0.0566666666666666
4 0.5953125 0.4116666666666667 0.0135416666666666 0.03
1 0.6208333333333333 0.4875 0.0458333333333333 0.0516666666666666
4 0.63125 0.3491666666666667 0.0208333333333333 0.065
4 0.6302083333333334 0.37 0.01875 0.04