0 0.3776041666666667 0.4829166666666667 0.009375 0.0375
6 0.4984375 0.3641666666666667 0.0135416666666666 0.0316666666666666
6 0.5 0.3616666666666667 0.0104166666666666 0.03
6 0.5411458333333333 0.3658333333333333 0.015625 0.0283333333333333
6 0.5463541666666667 0.37 0.0135416666666666 0.0333333333333333
6 0.5848958333333333 0.3741666666666667 0.0177083333333333 0.0283333333333333
6 0.5911458333333334 0.3766666666666667 0.015625 0.0333333333333333
6 0.6729166666666666 0.42 0.0145833333333333 0.0266666666666666
6 0.6739583333333333 0.4275 0.0166666666666666 0.0416666666666666
6 0.7276041666666666 0.4 0.015625 0.0466666666666666
6 0.7270833333333333 0.3908333333333333 0.0125 0.025
1 0.7739583333333333 0.4875 0.0791666666666666 0.045