6 0.0830078125 0.0791015625 0.166015625 0.158203125
1 0.087890625 0.529296875 0.037109375 0.0517578125
1 0.4326171875 0.498046875 0.03515625 0.0400390625
1 0.5556640625 0.4921875 0.0283203125 0.0478515625
3 0.568359375 0.3603515625 0.0244140625 0.0615234375
3 0.65234375 0.3564453125 0.015625 0.04296875
4 0.7255859375 0.4169921875 0.0166015625 0.0498046875
6 0.80078125 0.0771484375 0.0498046875 0.1162109375
3 0.7998046875 0.0751953125 0.02734375 0.09375
1 0.9228515625 0.4765625 0.0732421875 0.0634765625
2 0.9677734375 0.478515625 0.025390625 0.0966796875
2 0.9716796875 0.4892578125 0.0224609375 0.078125