3 0.0166015625 0.359375 0.03125 0.0947265625
2 0.0966796875 0.52734375 0.0146484375 0.0517578125
2 0.2626953125 0.5341796875 0.0302734375 0.1279296875
2 0.4287109375 0.5185546875 0.0107421875 0.04296875
1 0.5048828125 0.525390625 0.056640625 0.09375
3 0.5205078125 0.326171875 0.0341796875 0.0986328125
2 0.5888671875 0.51953125 0.037109375 0.09375
2 0.638671875 0.5068359375 0.02734375 0.1162109375
2 0.6630859375 0.509765625 0.037109375 0.1103515625
2 0.662109375 0.5126953125 0.0244140625 0.0947265625
2 0.8603515625 0.48046875 0.0341796875 0.146484375