7 0.1298828125 0.3984375 0.0224609375 0.056640625
6 0.1298828125 0.400390625 0.015625 0.0537109375
3 0.40234375 0.3486328125 0.0146484375 0.0400390625
1 0.4365234375 0.4853515625 0.0380859375 0.0634765625
6 0.4853515625 0.314453125 0.013671875 0.0517578125
6 0.6025390625 0.400390625 0.017578125 0.037109375
6 0.60546875 0.400390625 0.017578125 0.0419921875
1 0.734375 0.5283203125 0.181640625 0.1904296875
6 0.7373046875 0.3642578125 0.0224609375 0.05859375
6 0.740234375 0.3544921875 0.021484375 0.0419921875
2 0.859375 0.490234375 0.03125 0.08984375
2 0.8642578125 0.494140625 0.0283203125 0.1015625