1 0.3779296875 0.4970703125 0.0673828125 0.0654296875
6 0.4375 0.4375 0.0166015625 0.0517578125
6 0.443359375 0.447265625 0.0244140625 0.05859375
6 0.5888671875 0.267578125 0.015625 0.0419921875
7 0.58984375 0.271484375 0.013671875 0.04296875
1 0.666015625 0.5185546875 0.1142578125 0.1435546875
6 0.619140625 0.3984375 0.0185546875 0.0498046875
6 0.62109375 0.40234375 0.015625 0.0380859375
6 0.6787109375 0.3935546875 0.0146484375 0.0400390625
6 0.681640625 0.400390625 0.015625 0.0400390625
6 0.69140625 0.2939453125 0.0166015625 0.0419921875
6 0.693359375 0.298828125 0.01953125 0.0478515625
6 0.7294921875 0.4287109375 0.0107421875 0.0283203125
6 0.81640625 0.3896484375 0.015625 0.0419921875
6 0.818359375 0.3955078125 0.0185546875 0.0517578125
1 0.91015625 0.5341796875 0.1748046875 0.171875
6 0.8955078125 0.3505859375 0.0224609375 0.05859375
6 0.8974609375 0.3515625 0.015625 0.046875
2 0.9921875 0.5107421875 0.013671875 0.078125