2 0.2611979166666666 0.5245833333333334 0.0203125 0.0725
2 0.25859375 0.5254166666666668 0.0182291666666666 0.0691666666666666
2 0.2236979166666666 0.5291666666666667 0.0161458333333333 0.0666666666666666
2 0.2143229166666666 0.53125 0.0119791666666666 0.0691666666666666
2 0.1796875 0.53125 0.0135416666666666 0.0625
2 0.16875 0.5320833333333334 0.0145833333333333 0.0725
2 0.1453125 0.5333333333333333 0.0135416666666666 0.07
2 0.1325520833333333 0.5316666666666667 0.0119791666666666 0.0683333333333333
7 0.05625 0.4366666666666667 0.0270833333333333 0.06
7 0.05625 0.4358333333333333 0.0166666666666666 0.0483333333333333
2 0.2848958333333333 0.5133333333333334 0.0239583333333333 0.0733333333333333
10 0.33125 0.4475 0.1 0.0783333333333333
7 0.4489583333333333 0.32 0.0208333333333333 0.0533333333333333
6 0.5203125 0.3241666666666667 0.021875 0.0683333333333333
1 0.6088541666666667 0.525 0.0864583333333333 0.08
6 0.6567708333333333 0.4075 0.0197916666666666 0.0616666666666666