1 0.1765625 0.4958333333333333 0.0885416666666666 0.0683333333333333
10 0.5479166666666666 0.4741666666666667 0.0604166666666666 0.0716666666666666
3 0.5703125 0.0283333333333333 0.0260416666666666 0.0566666666666666
3 0.5666666666666667 0.3608333333333333 0.0125 0.0516666666666666
6 0.653125 0.355 0.0145833333333333 0.04
6 0.7265625 0.405 0.015625 0.0433333333333333
6 0.7296875 0.4083333333333334 0.0135416666666666 0.0266666666666666
1 0.7927083333333333 0.4791666666666667 0.1166666666666666 0.0616666666666666
6 0.8015625 0.07 0.0239583333333333 0.09
0 0.96875 0.4925 0.0291666666666666 0.1016666666666666
2 0.9744791666666668 0.4775 0.0302083333333333 0.155
2 0.9911458333333332 0.4816666666666667 0.0114583333333333 0.0833333333333333