4 0.384375 0.3658333333333333 0.0104166666666666 0.0316666666666666
4 0.3848958333333333 0.3641666666666667 0.009375 0.0316666666666666
4 0.4468749999999999 0.3766666666666667 0.0104166666666666 0.0266666666666666
4 0.4468749999999999 0.3725 0.0083333333333333 0.0283333333333333
0 0.4890625 0.5241666666666667 0.015625 0.0616666666666666
4 0.5135416666666667 0.445 0.0125 0.03
4 0.5140625 0.4475 0.0114583333333333 0.0416666666666666
4 0.5401041666666666 0.4166666666666667 0.0114583333333333 0.04
4 0.5416666666666666 0.42 0.0125 0.0466666666666666
2 0.596875 0.5316666666666667 0.025 0.12
2 0.596875 0.5308333333333334 0.01875 0.135
2 0.6151041666666667 0.5208333333333334 0.015625 0.125
2 0.6270833333333333 0.5291666666666667 0.0208333333333333 0.1216666666666666
2 0.625 0.5316666666666667 0.0125 0.1266666666666666
2 0.6458333333333334 0.5175000000000001 0.0229166666666666 0.115
2 0.6458333333333334 0.5233333333333333 0.0208333333333333 0.1333333333333333